 [3200/4689 1:09:31 < 32:22, 0.77 it/s, Epoch 2.05/3]
Step	Training Loss
1	3.363500
2	3.516300
3	3.635100
4	3.579400
5	3.619600
6	3.642400
7	3.546000
8	3.570900
9	3.706900
10	3.717200
11	3.492500
12	3.486000
13	3.703100
14	3.405200
15	3.487000
16	3.536100
17	3.602500
18	3.448800
19	3.293600
20	3.558300
21	3.483400
22	3.270900
23	3.418000
24	3.462100
25	3.453200
26	3.494600
27	3.600500
28	3.243000
29	3.330900
30	3.360500
31	3.316200
32	3.328900
33	3.374200
34	3.289300
35	3.251100
36	3.323500
37	3.263100
38	3.196600
39	3.344300
40	3.246800
41	3.207100
42	3.311200
43	2.959900
44	3.188800
45	3.111800
46	3.225200
47	3.156900
48	2.998700
49	3.121500
50	3.191000
51	3.039200
52	3.104100
53	3.079800
54	2.943900
55	3.008200
56	3.222500
57	3.020000
58	3.079400
59	2.972300
60	2.924600
61	2.963900
62	2.931800
63	2.912800
64	2.860400
65	2.731400
66	2.806900
67	2.936800
68	2.781900
69	2.811000
70	3.035900
71	2.850900
72	2.863500
73	2.862600
74	2.730400
75	2.788900
76	2.877400
77	2.822300
78	2.808100
79	2.716100
80	2.751900
81	2.678000
82	2.789000
83	2.772900
84	2.765800
85	2.736000
86	2.741700
87	2.707900
88	2.560000
89	2.531400
90	2.746500
91	2.708500
92	2.672900
93	2.825400
94	2.620300
95	2.666100
96	2.484600
97	2.584700
98	2.704400
99	2.701700
100	2.632500
101	2.545600
102	2.516200
103	2.481200
104	2.524300
105	2.464400
106	2.539300
107	2.550400
108	2.545100
109	2.499200
110	2.553200
111	2.419500
112	2.507700
113	2.558700
114	2.505500
115	2.402200
116	2.415800
117	2.465000
118	2.452200
119	2.311600
120	2.424900
121	2.490200
122	2.458100
123	2.507200
124	2.327600
125	2.562100
126	2.499100
127	2.443800
128	2.438800
129	2.180400
130	2.382500
131	2.409100
132	2.471100
133	2.171100
134	2.521300
135	2.374500
136	2.443200
137	2.253600
138	2.245300
139	2.396600
140	2.386300
141	2.330600
142	2.435300
143	2.415700
144	2.445200
145	2.378300
146	2.286000
147	2.358500
148	2.382900
149	2.339300
150	2.304500
151	2.354100
152	2.256900
153	2.358700
154	2.419100
155	2.423700
156	2.488400
157	2.324000
158	2.356000
159	2.277700
160	2.363400
161	2.344800
162	2.364800
163	2.298400
164	2.355800
165	2.262400
166	2.346000
167	2.196200
168	2.424200
169	2.349000
170	2.241800
171	2.294400
172	2.252100
173	2.497600
174	2.136400
175	2.250800
176	2.327800
177	2.210200
178	2.201100
179	2.216300
180	2.345200
181	2.274800
182	2.345800
183	2.207200
184	2.483800
185	2.220400
186	2.315800
187	2.329100
188	2.495100
189	2.317900
190	2.326100
191	2.334900
192	2.346600
193	2.316200
194	2.198500
195	2.324200
196	2.452500
197	2.264500
198	2.355400
199	2.219600
200	2.214400
201	2.234100
202	2.274800
203	2.304000
204	2.289900
205	2.236000
206	2.273800
207	2.084400
208	2.386200
209	2.237400
210	2.339500
211	2.421200
212	2.311200
213	2.314900
214	2.220000
215	2.166400
216	2.194500
217	2.278000
218	2.380300
219	2.238500
220	2.328300
221	2.184800
222	2.377000
223	2.347300
224	2.359300
225	2.267300
226	2.255700
227	2.242600
228	2.328800
229	2.099600
230	2.381100
231	2.233300
232	2.236700
233	2.138600
234	2.370800
235	2.199700
236	2.383900
237	2.257500
238	2.479800
239	2.266100
240	2.256200
241	2.293500
242	2.206500
243	2.268100
244	2.255000
245	2.130800
246	2.138400
247	2.348200
248	2.181900
249	2.373300
250	2.319600
251	2.376900
252	2.241000
253	2.300800
254	2.197000
255	2.321600
256	2.353800
257	2.230800
258	2.091200
259	2.399700
260	2.310000
261	2.174600
262	2.243800
263	2.192000
264	2.222300
265	2.270100
266	2.070900
267	2.313900
268	2.287800
269	2.188000
270	2.330000
271	2.301600
272	2.260400
273	2.216200
274	2.257300
275	2.223700
276	2.318900
277	2.215700
278	2.204600
279	2.337900
280	2.078800
281	2.373400
282	2.211200
283	2.144200
284	2.256500
285	2.125400
286	2.264100
287	2.220900
288	1.939900
289	2.263900
290	2.242300
291	2.243000
292	2.114200
293	2.321400
294	2.285300
295	2.249900
296	2.220100
297	2.107400
298	2.366800
299	2.242900
300	2.230200
301	2.026800
302	2.053200
303	2.226700
304	2.303600
305	2.167700
306	2.337800
307	2.200500
308	2.200000
309	2.187000
310	2.254600
311	2.304700
312	2.285900
313	2.280900
314	2.242600
315	2.302800
316	2.137800
317	2.249900
318	2.242300
319	2.157500
320	2.214400
321	2.239600
322	2.132700
323	2.295700
324	2.217100
325	2.353200
326	2.230100
327	2.346100
328	2.150600
329	2.171700
330	2.222800
331	2.220200
332	2.127500
333	2.113800
334	2.291700
335	2.165700
336	2.198500
337	2.177400
338	2.230800
339	2.197000
340	2.059000
341	2.051100
342	2.238200
343	2.334500
344	2.300800
345	2.242400
346	2.047400
347	2.242400
348	2.218200
349	2.239600
350	2.032900
351	2.384700
352	2.081400
353	2.279900
354	2.098500
355	2.151300
356	2.121800
357	2.045300
358	2.209400
359	2.175300
360	2.218100
361	2.170700
362	2.340100
363	2.150400
364	2.210800
365	2.076400
366	2.299500
367	2.194600
368	2.278400
369	2.280800
370	2.128600
371	2.168100
372	2.153000
373	2.280200
374	2.027300
375	2.381400
376	2.218000
377	2.259800
378	2.239400
379	2.253500
380	2.079600
381	2.157600
382	2.225300
383	2.196000
384	2.168000
385	2.124700
386	2.205900
387	2.168000
388	2.211500
389	2.250000
390	2.325100
391	2.092900
392	2.339700
393	2.265800
394	2.159800
395	2.224600
396	2.199500
397	2.239600
398	2.257600
399	2.074400
400	2.138300
401	2.135800
402	2.265100
403	2.222500
404	2.179800
405	2.209100
406	2.274100
407	2.203900
408	2.339300
409	2.178500
410	2.180700
411	1.959200
412	2.270400
413	2.218400
414	2.015000
415	1.988400
416	2.223800
417	2.306900
418	2.158300
419	2.233000
420	2.056800
421	2.326000
422	2.144600
423	2.284700
424	2.151100
425	2.264800
426	2.282100
427	2.351800
428	2.079500
429	2.171400
430	2.215100
431	2.246600
432	2.256300
433	2.104000
434	2.214400
435	2.321700
436	2.269900
437	2.159600
438	2.315800
439	2.243700
440	2.189000
441	2.297900
442	2.212700
443	2.248000
444	2.273000
445	2.288400
446	2.266700
447	2.171600
448	2.168500
449	2.087800
450	2.253200
451	2.326500
452	2.230100
453	2.238600
454	2.237900
455	2.157900
456	2.253900
457	2.187400
458	2.191200
459	2.108500
460	2.110100
461	2.251200
462	2.042300
463	2.236100
464	2.266900
465	2.314000
466	2.114400
467	2.116700
468	2.143600
469	2.294200
470	2.292500
471	2.298000
472	1.974100
473	2.201800
474	2.313300
475	2.181700
476	2.315000
477	2.091800
478	2.117800
479	2.285200
480	2.172600
481	2.309900
482	2.339400
483	2.131200
484	2.186300
485	2.212300
486	2.172000
487	2.059100
488	2.187600
489	1.983700
490	2.203100
491	2.080600
492	2.227600
493	2.226900
494	2.042100
495	2.230200
496	2.062100
497	2.125700
498	2.192000
499	2.112500
500	2.277400
501	2.082900
502	2.197300
503	2.131000
504	2.199000
505	2.069600
506	2.101900
507	2.350200
508	1.953600
509	2.190100
510	2.105400
511	2.213600
512	2.257700
513	2.071800
514	2.363200
515	2.263800
516	2.255400
517	2.123700
518	2.271900
519	2.319800
520	2.143500
521	2.112100
522	2.344300
523	2.241100
524	2.160800
525	2.108700
526	2.335400
527	2.201000
528	2.350300
529	2.229000
530	2.052100
531	2.226000
532	2.247600
533	2.170500
534	2.192100
535	2.232700
536	2.179300
537	2.295200
538	2.287000
539	2.130900
540	2.229700
541	2.124200
542	2.296000
543	2.264000
544	2.248600
545	2.262600
546	2.263200
547	2.294900
548	2.162600
549	2.265700
550	2.272300
551	2.327500
552	2.278600
553	2.027000
554	2.182600
555	2.280200
556	2.200600
557	2.082100
558	2.172000
559	2.097100
560	2.266500
561	2.119200
562	2.104300
563	2.177000
564	2.180500
565	2.177900
566	2.135400
567	2.140800
568	2.449000
569	2.192100
570	2.029400
571	2.016300
572	2.245300
573	2.314100
574	2.323600
575	2.213500
576	2.056100
577	2.138300
578	2.208800
579	2.180300
580	2.282100
581	2.137100
582	2.024300
583	2.202000
584	2.246000
585	2.143700
586	2.309900
587	2.262600
588	2.151300
589	2.209900
590	2.108300
591	2.202900
592	2.130400
593	2.150200
594	2.118100
595	2.052100
596	2.154000
597	2.048800
598	2.034100
599	2.239100
600	2.219500
601	2.208800
602	2.193000
603	2.079700
604	2.127000
605	2.173200
606	2.149700
607	2.151800
608	2.201000
609	2.080200
610	2.104400
611	2.311800
612	2.159600
613	2.023500
614	2.142100
615	2.184500
616	2.276700
617	2.203500
618	2.080500
619	2.161600
620	2.323800
621	2.232200
622	2.028400
623	2.126300
624	2.089500
625	2.126800
626	2.149100
627	2.132800
628	2.120000
629	2.123800
630	2.135500
631	2.065600
632	2.094700
633	2.088700
634	2.239100
635	2.086700
636	2.211000
637	2.188500
638	2.096600
639	2.192900
640	2.121600
641	2.165900
642	2.312900
643	2.159800
644	2.298300
645	2.120300
646	2.205200
647	2.171000
648	2.188400
649	2.131800
650	2.141000
651	2.274500
652	1.940600
653	2.269700
654	2.109100
655	2.141100
656	2.177900
657	2.181600
658	2.041900
659	2.238100
660	2.168300
661	2.142200
662	2.142800
663	2.159400
664	2.149200
665	2.201200
666	2.150800
667	2.197000
668	2.131800
669	2.145200
670	1.970300
671	2.164700
672	2.162500
673	2.197400
674	2.094400
675	2.287100
676	2.149400
677	2.181700
678	2.046000
679	2.276000
680	2.318600
681	2.202700
682	2.261800
683	2.099500
684	2.199600
685	2.013200
686	2.067500
687	2.081600
688	2.214700
689	2.133200
690	2.260500
691	2.199500
692	2.184500
693	2.223500
694	2.162300
695	2.033000
696	2.008900
697	2.138000
698	2.177500
699	2.109000
700	2.159200
701	2.073400
702	2.109000
703	2.263800
704	2.185300
705	2.256100
706	2.062900
707	2.220100
708	1.981100
709	2.223500
710	2.023500
711	2.074100
712	2.095900
713	2.158900
714	2.058200
715	2.171500
716	2.276900
717	2.029400
718	2.024000
719	2.153900
720	2.004600
721	2.163000
722	2.114000
723	2.076700
724	2.128600
725	1.960900
726	2.090200
727	2.331800
728	2.129300
729	1.981100
730	2.121300
731	2.202300
732	2.216900
733	2.024300
734	2.241800
735	1.954900
736	2.204700
737	2.163600
738	2.105400
739	2.093400
740	2.012000
741	2.142700
742	2.173700
743	2.165800
744	2.150900
745	2.076500
746	2.060000
747	2.305200
748	2.308900
749	2.082300
750	2.093400
751	2.164900
752	2.103900
753	2.076300
754	2.019400
755	2.221500
756	2.034100
757	2.003100
758	2.167400
759	2.143000
760	2.107600
761	2.234100
762	2.029100
763	2.127300
764	2.197900
765	2.143100
766	1.999800
767	2.006000
768	2.134000
769	2.147700
770	2.018000
771	2.037600
772	1.947100
773	1.969700
774	2.109300
775	2.005900
776	2.067400
777	2.164400
778	2.049500
779	2.016000
780	2.155100
781	2.102000
782	2.196800
783	2.072200
784	2.188500
785	1.987300
786	2.081000
787	2.073800
788	2.120200
789	2.226400
790	2.178500
791	2.110300
792	2.169400
793	2.190000
794	2.185300
795	2.086700
796	1.950700
797	2.136300
798	2.040200
799	2.074900
800	2.081900
801	2.184600
802	1.856900
803	2.184400
804	2.096300
805	2.137000
806	2.052900
807	2.179400
808	2.060500
809	2.074000
810	2.158700
811	2.127200
812	2.058100
813	2.211300
814	2.114100
815	2.186700
816	2.156700
817	1.984800
818	2.166600
819	2.051100
820	2.125200
821	2.047200
822	2.005700
823	2.186000
824	2.244900
825	2.177700
826	2.346900
827	2.058100
828	2.108400
829	1.884100
830	2.094300
831	2.084200
832	2.143500
833	2.098900
834	2.075700
835	2.148600
836	2.251100
837	2.051200
838	2.040000
839	2.083700
840	2.004500
841	1.993400
842	2.154600
843	2.065900
844	2.118500
845	2.042700
846	2.114000
847	2.126000
848	1.941400
849	1.911900
850	2.072300
851	2.018300
852	2.090600
853	2.160500
854	2.294300
855	2.261500
856	2.015400
857	2.057800
858	2.099700
859	2.205300
860	2.007400
861	1.964600
862	2.225700
863	2.260200
864	2.088200
865	2.173600
866	2.168800
867	1.924400
868	2.148500
869	2.293700
870	1.971000
871	1.994700
872	2.107800
873	1.964700
874	2.123700
875	2.082200
876	2.022800
877	2.188600
878	2.141300
879	1.988100
880	2.236200
881	2.159000
882	2.024200
883	2.160800
884	2.083300
885	2.067700
886	2.004500
887	1.988000
888	2.120900
889	2.026200
890	1.984900
891	2.143600
892	2.169600
893	2.171500
894	2.059800
895	2.133800
896	1.719500
897	2.206400
898	2.069900
899	2.077800
900	1.898000
901	2.069100
902	2.204500
903	2.074400
904	2.157100
905	2.199700
906	2.140300
907	1.893800
908	1.963700
909	2.030300
910	2.152400
911	2.194700
912	1.931800
913	2.029300
914	2.151500
915	2.125800
916	2.097800
917	1.955400
918	2.215900
919	1.978600
920	1.934400
921	1.934100
922	2.169500
923	1.971800
924	2.011700
925	2.100200
926	2.087500
927	1.967600
928	2.183700
929	2.270100
930	2.240100
931	2.048800
932	2.102900
933	2.197200
934	2.066000
935	2.152700
936	2.208200
937	2.012000
938	1.982900
939	2.137100
940	2.214400
941	2.178500
942	2.159000
943	2.009200
944	2.195800
945	2.117700
946	2.163100
947	2.306900
948	2.111000
949	2.099800
950	1.894600
951	1.961400
952	2.198100
953	2.070200
954	1.964900
955	1.975700
956	2.044000
957	2.176700
958	2.034500
959	2.157500
960	2.143600
961	2.143400
962	1.985800
963	2.244900
964	1.962000
965	2.079900
966	2.044700
967	2.065500
968	2.251700
969	2.023200
970	1.885200
971	1.992700
972	2.038200
973	2.160200
974	2.197800
975	2.177500
976	2.219100
977	2.177700
978	2.050900
979	1.974600
980	2.021900
981	2.124800
982	2.098400
983	2.008900
984	2.129900
985	2.108600
986	2.111100
987	2.109400
988	2.170100
989	2.094600
990	2.231500
991	2.155700
992	2.101400
993	2.135600
994	2.130600
995	1.956600
996	2.142000
997	2.153300
998	2.027400
999	2.132700
1000	2.075700
1001	2.108600
1002	1.898100
1003	1.882600
1004	2.203200
1005	2.052400
1006	2.157600
1007	2.106500
1008	2.165700
1009	2.125300
1010	2.209500
1011	2.020100
1012	2.017300
1013	2.041000
1014	2.070100
1015	2.028400
1016	2.050800
1017	2.144900
1018	2.160600
1019	2.085100
1020	1.966300
1021	2.015300
1022	2.104200
1023	2.132400
1024	1.946500
1025	2.111700
1026	2.056000
1027	2.012200
1028	1.984400
1029	2.120600
1030	2.158300
1031	2.290400
1032	2.153100
1033	2.045100
1034	2.015200
1035	2.118800
1036	2.113300
1037	2.119700
1038	2.204100
1039	1.956300
1040	2.055900
1041	2.040500
1042	2.073800
1043	1.873500
1044	2.138600
1045	2.142800
1046	2.027300
1047	2.126200
1048	2.128800
1049	2.036000
1050	2.167700
1051	1.968200
1052	1.970900
1053	2.085200
1054	2.079800
1055	2.058100
1056	1.990800
1057	2.158600
1058	2.113500
1059	2.067200
1060	2.102400
1061	1.943900
1062	2.105600
1063	2.192500
1064	2.135200
1065	2.110000
1066	2.063800
1067	2.125900
1068	1.832900
1069	1.997000
1070	2.098700
1071	2.208000
1072	2.183900
1073	1.933500
1074	2.089000
1075	1.998000
1076	2.069300
1077	1.984000
1078	2.139900
1079	2.218400
1080	2.124200
1081	2.077500
1082	2.169500
1083	2.098600
1084	2.121600
1085	2.039600
1086	2.081200
1087	2.104400
1088	2.159600
1089	2.150600
1090	2.189600
1091	1.957800
1092	1.946300
1093	2.002700
1094	2.086900
1095	1.984900
1096	1.933800
1097	2.208900
1098	2.179900
1099	2.148800
1100	2.082200
1101	2.161900
1102	2.060100
1103	2.137700
1104	2.189000
1105	2.116300
1106	2.211800
1107	2.288400
1108	2.028400
1109	2.137800
1110	1.998500
1111	2.014700
1112	2.039700
1113	1.952100
1114	2.175900
1115	2.117600
1116	1.825500
1117	1.989200
1118	2.257100
1119	2.092400
1120	2.008300
1121	2.111000
1122	1.989900
1123	2.077400
1124	2.141700
1125	2.164600
1126	2.045800
1127	2.056000
1128	2.248100
1129	1.915500
1130	2.035300
1131	2.095400
1132	2.139300
1133	2.047300
1134	2.175300
1135	2.028200
1136	2.006400
1137	1.768400
1138	2.188100
1139	2.188000
1140	1.987800
1141	2.121800
1142	2.080700
1143	1.974800
1144	2.125700
1145	2.093500
1146	2.045300
1147	1.871100
1148	2.034100
1149	2.102600
1150	2.152800
1151	2.015300
1152	2.104000
1153	2.062500
1154	2.006300
1155	2.000200
1156	2.171600
1157	2.047100
1158	2.113600
1159	2.154600
1160	2.084900
1161	1.996700
1162	1.917700
1163	2.096100
1164	2.070900
1165	2.117700
1166	2.043400
1167	2.163500
1168	2.101200
1169	2.040100
1170	2.074700
1171	2.197000
1172	2.133300
1173	1.923200
1174	1.963000
1175	2.173200
1176	1.939900
1177	2.146200
1178	2.051000
1179	2.046800
1180	2.185100
1181	2.125900
1182	2.076900
1183	2.105600
1184	2.206000
1185	2.073400
1186	2.128800
1187	1.981900
1188	2.117700
1189	2.148800
1190	2.021400
1191	2.174400
1192	2.149700
1193	2.055200
1194	2.166400
1195	2.132200
1196	2.014100
1197	2.143300
1198	2.126700
1199	2.131200
1200	2.055900
1201	1.945300
1202	2.148000
1203	2.105000
1204	2.154900
1205	2.187500
1206	2.046400
1207	2.149200
1208	2.120200
1209	2.072800
1210	2.049800
1211	1.979100
1212	1.918100
1213	1.918700
1214	2.044800
1215	2.194000
1216	2.017400
1217	2.157200
1218	2.181000
1219	2.130500
1220	2.089100
1221	2.104900
1222	1.975700
1223	2.040200
1224	2.143400
1225	2.122800
1226	2.101900
1227	1.923800
1228	2.129600
1229	2.120500
1230	2.105500
1231	2.133500
1232	2.027600
1233	2.142200
1234	2.222400
1235	1.910900
1236	2.173100
1237	1.895100
1238	2.054200
1239	2.369600
1240	2.153600
1241	2.181600
1242	2.031800
1243	2.105100
1244	2.001500
1245	2.109400
1246	1.822000
1247	2.116200
1248	2.022100
1249	1.944700
1250	2.062100
1251	2.052100
1252	2.304100
1253	2.119400
1254	1.978600
1255	1.948100
1256	2.018000
1257	2.050800
1258	2.145500
1259	2.177100
1260	1.980700
1261	2.030300
1262	2.077700
1263	2.050800
1264	2.147300
1265	2.040400
1266	1.966200
1267	2.205700
1268	2.047900
1269	2.001800
1270	2.124300
1271	2.116800
1272	2.061400
1273	1.971600
1274	1.936000
1275	2.046200
1276	2.113700
1277	2.077300
1278	2.117700
1279	2.005400
1280	1.997500
1281	2.035400
1282	2.325500
1283	2.151000
1284	2.136200
1285	2.241600
1286	2.010600
1287	2.063000
1288	2.059300
1289	2.236400
1290	2.161500
1291	2.113900
1292	2.171500
1293	2.109700
1294	2.100200
1295	1.961200
1296	1.984700
1297	1.960800
1298	2.083000
1299	1.986000
1300	2.065000
1301	1.959800
1302	2.120300
1303	2.137400
1304	2.135300
1305	1.937000
1306	1.995600
1307	1.940500
1308	2.035700
1309	2.049000
1310	2.142900
1311	2.099300
1312	1.911000
1313	2.163300
1314	2.085300
1315	2.047400
1316	2.144300
1317	2.005600
1318	2.208100
1319	2.095200
1320	2.192600
1321	2.232400
1322	1.964700
1323	1.969500
1324	2.154700
1325	1.926000
1326	2.186400
1327	2.229800
1328	2.155000
1329	1.963600
1330	2.140600
1331	2.125800
1332	2.080900
1333	2.124400
1334	2.065900
1335	2.170400
1336	2.010400
1337	1.902300
1338	2.070400
1339	2.066500
1340	2.068200
1341	2.057300
1342	2.078200
1343	2.084800
1344	2.116500
1345	2.053300
1346	2.051200
1347	2.060500
1348	2.145300
1349	2.212100
1350	2.119800
1351	2.083100
1352	1.891300
1353	2.087100
1354	2.138300
1355	2.218300
1356	2.100100
1357	2.060200
1358	1.975400
1359	2.165300
1360	2.198300
1361	2.074400
1362	1.979700
1363	2.003000
1364	2.036900
1365	2.071500
1366	2.103200
1367	1.860200
1368	2.041700
1369	1.945400
1370	2.078000
1371	2.001900
1372	2.038800
1373	2.041300
1374	2.078000
1375	1.887500
1376	2.184400
1377	2.104200
1378	2.156900
1379	2.019400
1380	2.139800
1381	2.145400
1382	2.020300
1383	1.958100
1384	2.006300
1385	2.085200
1386	2.195300
1387	2.178000
1388	2.134900
1389	2.143300
1390	2.060500
1391	2.145800
1392	2.312300
1393	2.131600
1394	2.279300
1395	2.057100
1396	1.915700
1397	1.945100
1398	1.978300
1399	1.990900
1400	2.022100
1401	2.116900
1402	2.045300
1403	1.932000
1404	1.919700
1405	2.131100
1406	2.263500
1407	1.988600
1408	2.130900
1409	2.106200
1410	2.013700
1411	2.044900
1412	2.013300
1413	2.098100
1414	2.103300
1415	2.040400
1416	2.054600
1417	2.215000
1418	2.059500
1419	2.175200
1420	2.111700
1421	2.011200
1422	2.034500
1423	2.103900
1424	1.969700
1425	2.062000
1426	2.061600
1427	2.177300
1428	2.013100
1429	2.214600
1430	2.026800
1431	2.116500
1432	1.917200
1433	2.064500
1434	2.104400
1435	2.055600
1436	2.061400
1437	2.209000
1438	1.892400
1439	2.030500
1440	2.150400
1441	1.883100
1442	2.021200
1443	2.026400
1444	1.965900
1445	2.094700
1446	2.012200
1447	2.056600
1448	2.118800
1449	2.036800
1450	2.081300
1451	1.973600
1452	2.003700
1453	2.166700
1454	2.146800
1455	2.174000
1456	2.089900
1457	2.083800
1458	2.116100
1459	2.110100
1460	2.071100
1461	2.095400
1462	2.059100
1463	1.916000
1464	2.100600
1465	2.024200
1466	2.036200
1467	2.206500
1468	2.011200
1469	2.044500
1470	1.948300
1471	2.001700
1472	2.058500
1473	2.047400
1474	2.135000
1475	2.038500
1476	2.046800
1477	2.203000
1478	2.051500
1479	1.883600
1480	2.144300
1481	1.985200
1482	2.129400
1483	2.033200
1484	2.070700
1485	1.981400
1486	2.149700
1487	2.094600
1488	2.140900
1489	2.105000
1490	1.965400
1491	2.006700
1492	2.060900
1493	2.066800
1494	1.923600
1495	2.075400
1496	2.093800
1497	2.139800
1498	2.111000
1499	2.075500
1500	1.938100
1501	2.128600
1502	2.145800
1503	2.095800
1504	2.164100
1505	2.113600
1506	2.056100
1507	1.973500
1508	2.199600
1509	2.173800
1510	1.959400
1511	1.994100
1512	2.139900
1513	2.004200
1514	2.037100
1515	2.162100
1516	2.000300
1517	2.063900
1518	2.057400
1519	1.988100
1520	1.963000
1521	2.072500
1522	2.108400
1523	2.219000
1524	1.988200
1525	2.254600
1526	2.071500
1527	2.128000
1528	2.062400
1529	1.999900
1530	2.155200
1531	2.121200
1532	2.000800
1533	2.143900
1534	2.141300
1535	1.998100
1536	2.199200
1537	1.994700
1538	1.928100
1539	2.080200
1540	2.056900
1541	1.929400
1542	1.991100
1543	2.131400
1544	2.078900
1545	2.042300
1546	2.165600
1547	2.142500
1548	2.142100
1549	1.999100
1550	2.161300
1551	2.172100
1552	1.970500
1553	1.953300
1554	2.080600
1555	2.071200
1556	2.045700
1557	1.980600
1558	2.022300
1559	2.086700
1560	1.978400
1561	2.067300
1562	2.105800
1563	2.197600
1564	1.771700
1565	2.100900
1566	2.105300
1567	2.070600
1568	1.924200
1569	2.034200
1570	2.134900
1571	1.937700
1572	2.064000
1573	2.057600
1574	1.985100
1575	2.089500
1576	1.967800
1577	2.128700
1578	2.045000
1579	2.032500
1580	1.932000
1581	2.178900
1582	2.038200
1583	2.153100
1584	2.125600
1585	2.120000
1586	1.967100
1587	1.902500
1588	2.100200
1589	2.072700
1590	1.863800
1591	2.134100
1592	2.089200
1593	1.985600
1594	1.995900
1595	2.096500
1596	1.946800
1597	1.950800
1598	2.047600
1599	2.063300
1600	2.060600
1601	2.171900
1602	1.992000
1603	2.096700
1604	2.130700
1605	2.095100
1606	1.963000
1607	1.900000
1608	2.016900
1609	2.055000
1610	2.077800
1611	2.017800
1612	1.920400
1613	2.026000
1614	2.113800
1615	2.142000
1616	2.149400
1617	2.208600
1618	2.122300
1619	2.022900
1620	2.118100
1621	2.172300
1622	1.987100
1623	2.159300
1624	2.092900
1625	2.083200
1626	1.943400
1627	1.814000
1628	2.018900
1629	1.982300
1630	2.169800
1631	1.987800
1632	2.144500
1633	2.103500
1634	1.972200
1635	2.165500
1636	2.041300
1637	2.172400
1638	2.148200
1639	2.124200
1640	1.987600
1641	2.001800
1642	2.046600
1643	2.121500
1644	2.046000
1645	2.156500
1646	2.064700
1647	2.048100
1648	2.109200
1649	2.056400
1650	2.091300
1651	2.132100
1652	2.132700
1653	1.996800
1654	2.112800
1655	2.105200
1656	2.049600
1657	1.884300
1658	2.131100
1659	2.101100
1660	2.015100
1661	2.123200
1662	1.951000
1663	1.991600
1664	2.137800
1665	1.994400
1666	2.064900
1667	2.009900
1668	2.120300
1669	2.031900
1670	2.033800
1671	2.051200
1672	2.137900
1673	2.048300
1674	2.031400
1675	2.095500
1676	2.169100
1677	2.023100
1678	2.036600
1679	2.174400
1680	2.044700
1681	2.064500
1682	1.848000
1683	2.013500
1684	2.009500
1685	1.809900
1686	2.086600
1687	2.083300
1688	2.104500
1689	2.084100
1690	1.976900
1691	1.972100
1692	2.239600
1693	2.180200
1694	1.878400
1695	1.920100
1696	1.932400
1697	1.954800
1698	1.890100
1699	1.926000
1700	2.053700
1701	2.078600
1702	1.931800
1703	2.022000
1704	2.094000
1705	2.165600
1706	2.007700
1707	2.135500
1708	1.937800
1709	2.037700
1710	2.247500
1711	2.089700
1712	2.013200
1713	2.121500
1714	2.100900
1715	2.074200
1716	2.058000
1717	1.863800
1718	2.061600
1719	2.100700
1720	1.879700
1721	2.071600
1722	2.070900
1723	2.106900
1724	1.988100
1725	2.034600
1726	2.051500
1727	2.085800
1728	2.012400
1729	2.097900
1730	2.077700
1731	2.109900
1732	2.124800
1733	1.913600
1734	2.047500
1735	2.042700
1736	1.953500
1737	2.292200
1738	1.986600
1739	2.182100
1740	2.138700
1741	2.026000
1742	2.143000
1743	1.978500
1744	2.131600
1745	2.097700
1746	2.042100
1747	1.870500
1748	2.100500
1749	2.055800
1750	2.133400
1751	2.185500
1752	2.014600
1753	2.151900
1754	2.019100
1755	1.936400
1756	2.179700
1757	2.127900
1758	2.040300
1759	2.001600
1760	2.212000
1761	2.008100
1762	2.123600
1763	1.802700
1764	2.194200
1765	2.116300
1766	2.150600
1767	2.155500
1768	1.972500
1769	2.095300
1770	2.161600
1771	2.116700
1772	2.239900
1773	1.992100
1774	1.932300
1775	2.155800
1776	2.076300
1777	2.128400
1778	1.754000
1779	1.848300
1780	2.068900
1781	1.827300
1782	2.082500
1783	2.061800
1784	2.096300
1785	2.063100
1786	2.027300
1787	2.186300
1788	2.249000
1789	2.107600
1790	1.967500
1791	2.049900
1792	2.050000
1793	2.143600
1794	2.029200
1795	2.068000
1796	1.999700
1797	2.296900
1798	1.980300
1799	2.013000
1800	2.041700
1801	2.169000
1802	2.184900
1803	2.151300
1804	1.986700
1805	1.986300
1806	2.026800
1807	2.018100
1808	2.124200
1809	2.086100
1810	2.075300
1811	1.820300
1812	1.961500
1813	2.110100
1814	2.091200
1815	2.207500
1816	2.128600
1817	2.115500
1818	2.061900
1819	2.118100
1820	1.957900
1821	2.065800
1822	2.135200
1823	2.083200
1824	1.948300
1825	2.114200
1826	1.999200
1827	2.209200
1828	1.997000
1829	2.070900
1830	2.088400
1831	2.021100
1832	2.130400
1833	2.060000
1834	1.890800
1835	2.174500
1836	2.117100
1837	1.975900
1838	2.072000
1839	2.146900
1840	2.115600
1841	2.052600
1842	2.099900
1843	2.116100
1844	2.065900
1845	2.033200
1846	1.979900
1847	2.049100
1848	1.938900
1849	2.135400
1850	2.038500
1851	2.120700
1852	2.004900
1853	2.030300
1854	2.025500
1855	1.917800
1856	2.075700
1857	1.969300
1858	2.154300
1859	2.182700
1860	1.856700
1861	2.034700
1862	1.883800
1863	2.024300
1864	2.102000
1865	2.212000
1866	1.881800
1867	1.956400
1868	1.966100
1869	2.029300
1870	1.967300
1871	2.147100
1872	1.952400
1873	2.049400
1874	2.078700
1875	2.134500
1876	2.071400
1877	2.017300
1878	2.201900
1879	2.048900
1880	2.118600
1881	2.190000
1882	2.152100
1883	2.102500
1884	1.914800
1885	2.075100
1886	2.096500
1887	2.293000
1888	1.913000
1889	1.943300
1890	1.813100
1891	2.076900
1892	2.094600
1893	2.175700
1894	2.083600
1895	2.099400
1896	1.950900
1897	2.071300
1898	2.105200
1899	2.136300
1900	2.052200
1901	2.038600
1902	2.030700
1903	1.958000
1904	2.071900
1905	2.007300
1906	2.043300
1907	1.958400
1908	1.770100
1909	2.177500
1910	2.148600
1911	2.068600
1912	2.045900
1913	2.084900
1914	1.990700
1915	1.883300
1916	2.013100
1917	2.050000
1918	2.101900
1919	1.856800
1920	2.029900
1921	1.917000
1922	2.218600
1923	1.936300
1924	2.078700
1925	2.091200
1926	1.802800
1927	2.037100
1928	2.160800
1929	2.021000
1930	2.046100
1931	2.026300
1932	1.900400
1933	1.972500
1934	2.030500
1935	2.102800
1936	2.242500
1937	2.105900
1938	2.068500
1939	2.040500
1940	1.802500
1941	2.011100
1942	2.105000
1943	1.929200
1944	2.137800
1945	2.127600
1946	1.940900
1947	1.854800
1948	1.978400
1949	2.122600
1950	2.144100
1951	2.019300
1952	2.010900
1953	1.929600
1954	1.803900
1955	2.008200
1956	1.918100
1957	2.193600
1958	2.123800
1959	2.026600
1960	2.012300
1961	2.029200
1962	1.996600
1963	1.751300
1964	1.888600
1965	2.048100
1966	2.206900
1967	1.887000
1968	2.001800
1969	2.068200
1970	2.041400
1971	1.782700
1972	2.134300
1973	1.945700
1974	1.963800
1975	1.862800
1976	2.002100
1977	2.114200
1978	2.014500
1979	2.078900
1980	2.011600
1981	1.926500
1982	2.108400
1983	1.893300
1984	2.052700
1985	1.857700
1986	1.968400
1987	2.015700
1988	2.006400
1989	2.233000
1990	2.208600
1991	2.070300
1992	1.900200
1993	1.976200
1994	1.945200
1995	2.003000
1996	2.079900
1997	1.946000
1998	2.009400
1999	2.044900
2000	1.981800
2001	2.096000
2002	1.982300
2003	1.926300
2004	1.888500
2005	2.138300
2006	1.946900
2007	2.069200
2008	2.041500
2009	2.198300
2010	2.064000
2011	2.232300
2012	2.146000
2013	2.184000
2014	1.977400
2015	2.054000
2016	2.053100
2017	2.150700
2018	2.061300
2019	2.009600
2020	2.125500
2021	2.076500
2022	2.052200
2023	2.055300
2024	1.970400
2025	2.204400
2026	2.081600
2027	2.040300
2028	2.188500
2029	2.192200
2030	2.136300
2031	1.865400
2032	2.045200
2033	2.016700
2034	1.912900
2035	2.022400
2036	1.977200
2037	2.061800
2038	2.070600
2039	2.054500
2040	2.014700
2041	2.208000
2042	2.046800
2043	1.960400
2044	1.987900
2045	1.791100
2046	2.200300
2047	2.052400
2048	2.050600
2049	2.030800
2050	1.854900
2051	2.041500
2052	2.004300
2053	2.167500
2054	2.140400
2055	2.248200
2056	1.890800
2057	2.107100
2058	1.952400
2059	2.035600
2060	2.107100
2061	2.001600
2062	1.973600
2063	2.086500
2064	2.188600
2065	2.135700
2066	2.067000
2067	1.984200
2068	1.998100
2069	2.167600
2070	1.974700
2071	2.041200
2072	1.996600
2073	2.106400
2074	2.050800
2075	1.896400
2076	2.050800
2077	2.109400
2078	2.000100
2079	1.891900
2080	1.895500
2081	2.096400
2082	2.072600
2083	2.169800
2084	2.038300
2085	2.144000
2086	2.028500
2087	2.212100
2088	1.948700
2089	1.934000
2090	2.034800
2091	1.853700
2092	2.207700
2093	2.107400
2094	2.012600
2095	2.121500
2096	2.035600
2097	2.117700
2098	2.090000
2099	2.065500
2100	2.003200
2101	2.069600
2102	1.978600
2103	2.207700
2104	1.936700
2105	1.964000
2106	2.221600
2107	2.088000
2108	1.830500
2109	2.033600
2110	2.051900
2111	2.193100
2112	1.963600
2113	2.065400
2114	2.008900
2115	2.135800
2116	2.199000
2117	2.115800
2118	1.966500
2119	2.001400
2120	2.018800
2121	2.031200
2122	1.994000
2123	2.015500
2124	2.145200
2125	2.017000
2126	2.158400
2127	1.987700
2128	2.224300
2129	2.034900
2130	1.945100
2131	2.050700
2132	2.121900
2133	2.103100
2134	2.039900
2135	2.134700
2136	2.020400
2137	1.983300
2138	2.126800
2139	2.085000
2140	2.065200
2141	2.019700
2142	2.107900
2143	2.246500
2144	2.047000
2145	1.889700
2146	2.034100
2147	2.061100
2148	2.023900
2149	1.942700
2150	2.168600
2151	2.088300
2152	2.171300
2153	2.038400
2154	1.918500
2155	1.946500
2156	1.865200
2157	2.029900
2158	2.033400
2159	2.022600
2160	2.114400
2161	1.938200
2162	2.091000
2163	2.045600
2164	2.176200
2165	2.031900
2166	2.095100
2167	1.906500
2168	2.136800
2169	2.152500
2170	2.087700
2171	1.933200
2172	1.794100
2173	1.999000
2174	2.029800
2175	2.058600
2176	2.025100
2177	2.197600
2178	2.093000
2179	2.059000
2180	2.049700
2181	2.117700
2182	1.934200
2183	2.053300
2184	1.987000
2185	2.074800
2186	1.843500
2187	2.030500
2188	2.134600
2189	2.084100
2190	1.946400
2191	2.040100
2192	2.062400
2193	2.169500
2194	2.083700
2195	2.087800
2196	1.987100
2197	1.977500
2198	2.088400
2199	1.822100
2200	1.983100
2201	2.073300
2202	2.061900
2203	2.050600
2204	1.946900
2205	2.238400
2206	1.961200
2207	1.885200
2208	2.040900
2209	1.828400
2210	2.028100
2211	1.939200
2212	2.123200
2213	2.202900
2214	2.023800
2215	1.988800
2216	2.013400
2217	2.007200
2218	1.992100
2219	1.938500
2220	2.073400
2221	2.117000
2222	1.969500
2223	2.064900
2224	2.075200
2225	2.132100
2226	1.932300
2227	2.051700
2228	1.953600
2229	1.956300
2230	2.080500
2231	2.112500
2232	2.091200
2233	2.002700
2234	2.096100
2235	2.133600
2236	1.984300
2237	1.910300
2238	2.036600
2239	1.986000
2240	1.942400
2241	2.037500
2242	2.032600
2243	2.068100
2244	1.986700
2245	2.142800
2246	1.942600
2247	1.896400
2248	2.071700
2249	2.098600
2250	1.982300
2251	1.941300
2252	2.036500
2253	2.091300
2254	2.030000
2255	1.831400
2256	2.119200
2257	1.919900
2258	2.169700
2259	2.025700
2260	1.970900
2261	1.986900
2262	2.173400
2263	2.128300
2264	1.984000
2265	2.129200
2266	1.972400
2267	1.992400
2268	2.079200
2269	2.083800
2270	2.050300
2271	1.966300
2272	2.130200
2273	2.015500
2274	2.032900
2275	1.874500
2276	2.104100
2277	2.066200
2278	2.094000
2279	2.104000
2280	1.959000
2281	2.258200
2282	2.043100
2283	2.036300
2284	2.075300
2285	2.093000
2286	2.150200
2287	2.086200
2288	2.011400
2289	2.091900
2290	2.090100
2291	2.098900
2292	2.275100
2293	1.916200
2294	2.026700
2295	2.131200
2296	2.009300
2297	2.045000
2298	2.100400
2299	2.138400
2300	1.990300
2301	2.041200
2302	2.002100
2303	1.944600
2304	2.080000
2305	2.051800
2306	2.136900
2307	1.926000
2308	2.143700
2309	1.962600
2310	2.168500
2311	1.972900
2312	1.888400
2313	1.956700
2314	2.092700
2315	2.192800
2316	2.020900
2317	2.082700
2318	2.080600
2319	2.070300
2320	1.960500
2321	2.095700
2322	1.913400
2323	2.150900
2324	2.055600
2325	1.921200
2326	2.133600
2327	1.846700
2328	2.069500
2329	1.920300
2330	1.991700
2331	2.099200
2332	2.027700
2333	2.039500
2334	2.082800
2335	2.002200
2336	2.134400
2337	1.890200
2338	1.915100
2339	2.130200
2340	2.145400
2341	1.978600
2342	2.126400
2343	1.999900
2344	1.891000
2345	1.930100
2346	2.226900
2347	1.951600
2348	1.916900
2349	2.173000
2350	1.923500
2351	2.055400
2352	2.168100
2353	1.976700
2354	2.184700
2355	2.176700
2356	2.202700
2357	2.071900
2358	1.952000
2359	1.977500
2360	1.996200
2361	2.153500
2362	1.962300
2363	1.985800
2364	1.920200
2365	1.941700
2366	2.040800
2367	1.864400
2368	1.869400
2369	2.091000
2370	1.995700
2371	1.873700
2372	1.841600
2373	2.192800
2374	2.015900
2375	1.983300
2376	2.184200
2377	2.052200
2378	2.190000
2379	1.994500
2380	1.951300
2381	2.038500
2382	1.978300
2383	1.928400
2384	2.189200
2385	2.083300
2386	2.151600
2387	2.035000
2388	2.091600
2389	2.088900
2390	1.933900
2391	1.947900
2392	2.050700
2393	2.087800
2394	1.976300
2395	1.914800
2396	2.061100
2397	1.953900
2398	2.002600
2399	1.907900
2400	1.898700
2401	2.087400
2402	2.060300
2403	2.103300
2404	2.275900
2405	1.970300
2406	2.045600
2407	2.160700
2408	2.042100
2409	2.034000
2410	1.986700
2411	2.078100
2412	2.000400
2413	2.054900
2414	2.057400
2415	2.045100
2416	2.022700
2417	1.973600
2418	2.011900
2419	2.151200
2420	2.080200
2421	2.162400
2422	1.980500
2423	1.911600
2424	2.202900
2425	2.163900
2426	2.011800
2427	1.853100
2428	1.896800
2429	2.043200
2430	2.028200
2431	1.918500
2432	1.937700
2433	2.164400
2434	2.043900
2435	2.153700
2436	2.037500
2437	2.031300
2438	2.123000
2439	1.913000
2440	1.998100
2441	2.141600
2442	2.193100
2443	2.045300
2444	2.038300
2445	2.027300
2446	1.961600
2447	1.911900
2448	1.771600
2449	1.947200
2450	2.078300
2451	1.917500
2452	1.953400
2453	2.192700
2454	2.049600
2455	2.000500
2456	1.998100
2457	2.074700
2458	2.062800
2459	2.014400
2460	2.075700
2461	2.080700
2462	2.041600
2463	1.955700
2464	2.141800
2465	2.015200
2466	2.134700
2467	2.026600
2468	1.982300
2469	2.157400
2470	2.096700
2471	1.929300
2472	1.963300
2473	2.103400
2474	1.880400
2475	1.909600
2476	2.209700
2477	1.970600
2478	1.985500
2479	2.023900
2480	1.999700
2481	2.036800
2482	1.916700
2483	1.881700
2484	1.938300
2485	2.080400
2486	1.900400
2487	2.110100
2488	1.926700
2489	2.152900
2490	1.902400
2491	2.040100
2492	2.104900
2493	2.041800
2494	2.142000
2495	2.000500
2496	2.020700
2497	2.058500
2498	1.991200
2499	1.981000
2500	1.864900
2501	1.911500
2502	2.123100
2503	1.932900
2504	2.115700
2505	2.210900
2506	2.111400
2507	1.948400
2508	1.963300
2509	2.164700
2510	2.104400
2511	1.998400
2512	2.068100
2513	2.111500
2514	2.041400
2515	1.917600
2516	2.045200
2517	2.027100
2518	2.178200
2519	1.940500
2520	1.947200
2521	2.090800
2522	1.922900
2523	2.206600
2524	2.090300
2525	1.985700
2526	2.067900
2527	2.004900
2528	2.124400
2529	2.004800
2530	2.002100
2531	2.065000
2532	1.861800
2533	1.895300
2534	1.982400
2535	2.005200
2536	1.966800
2537	2.022300
2538	2.144700
2539	2.140800
2540	2.089800
2541	2.058400
2542	2.135700
2543	2.093200
2544	1.921400
2545	1.875000
2546	2.037500
2547	2.072100
2548	2.049500
2549	1.936400
2550	2.054400
2551	2.071900
2552	1.918800
2553	1.972600
2554	2.120300
2555	2.029200
2556	2.012200
2557	2.067000
2558	1.960200
2559	2.026900
2560	2.053400
2561	2.027900
2562	2.088600
2563	2.049100
2564	1.983600
2565	1.918600
2566	2.018600
2567	2.154900
2568	2.014000
2569	2.313000
2570	2.026600
2571	2.080100
2572	1.940400
2573	1.975200
2574	2.190000
2575	1.985200
2576	2.120200
2577	2.153300
2578	1.973000
2579	2.064900
2580	1.915400
2581	2.001700
2582	1.977400
2583	2.174000
2584	2.007600
2585	2.021700
2586	2.023100
2587	1.951600
2588	2.165000
2589	2.036400
2590	2.066600
2591	1.958800
2592	1.989000
2593	2.239900
2594	1.973800
2595	2.077900
2596	2.142400
2597	2.069200
2598	2.036700
2599	2.103200
2600	1.934700
2601	2.030300
2602	1.821000
2603	1.952700
2604	2.246700
2605	1.984500
2606	1.913000
2607	2.038000
2608	2.109800
2609	1.893600
2610	2.051300
2611	1.902500
2612	2.142200
2613	2.045400
2614	2.093900
2615	1.983500
2616	1.839200
2617	2.156800
2618	2.046000
2619	2.137300
2620	1.985200
2621	2.097100
2622	2.002600
2623	2.053400
2624	1.843200
2625	2.064400
2626	2.155300
2627	2.043000
2628	1.740100
2629	1.955400
2630	2.068800
2631	2.101300
2632	1.984600
2633	1.886400
2634	2.067400
2635	2.016200
2636	1.927800
2637	2.019200
2638	2.087100
2639	2.087600
2640	2.152900
2641	2.131100
2642	1.968500
2643	2.101800
2644	2.261600
2645	2.144600
2646	2.021400
2647	2.102400
2648	1.862700
2649	1.928800
2650	2.182000
2651	2.128500
2652	2.019500
2653	1.956700
2654	1.937600
2655	2.161500
2656	2.112800
2657	2.058400
2658	2.090000
2659	1.779500
2660	1.994400
2661	2.043500
2662	2.051900
2663	2.031700
2664	1.882500
2665	1.987800
2666	2.160400
2667	1.992100
2668	1.976000
2669	2.288100
2670	2.106500
2671	2.024300
2672	2.124600
2673	1.992600
2674	2.009700
2675	2.190400
2676	2.101800
2677	2.200700
2678	2.044500
2679	2.059400
2680	2.118900
2681	2.060900
2682	2.017300
2683	2.173800
2684	2.090100
2685	1.936200
2686	1.991100
2687	2.048200
2688	2.178700
2689	2.005600
2690	2.028000
2691	2.107300
2692	2.085600
2693	2.070300
2694	1.905700
2695	2.090100
2696	2.024200
2697	2.105500
2698	2.325300
2699	2.162900
2700	1.889900
2701	2.024100
2702	1.849900
2703	1.933200
2704	2.130600
2705	2.235100
2706	2.020200
2707	2.085000
2708	1.957200
2709	2.070100
2710	2.120900
2711	2.158700
2712	2.056800
2713	1.954200
2714	2.042000
2715	1.908900
2716	2.071400
2717	2.017600
2718	2.046300
2719	2.194500
2720	2.186800
2721	2.037100
2722	2.123900
2723	2.313300
2724	1.993700
2725	1.920900
2726	2.090400
2727	2.000500
2728	2.072300
2729	1.992500
2730	2.134700
2731	2.057700
2732	2.068000
2733	1.902500
2734	2.046500
2735	2.083000
2736	2.136000
2737	1.924900
2738	2.018300
2739	2.074400
2740	2.000100
2741	1.996600
2742	2.210800
2743	2.011100
2744	2.040100
2745	1.866300
2746	1.961400
2747	2.145300
2748	2.115900
2749	2.005800
2750	2.037400
2751	1.987200
2752	2.036000
2753	2.144700
2754	2.169200
2755	2.153000
2756	2.000100
2757	2.022800
2758	2.187500
2759	2.012800
2760	1.971900
2761	2.037300
2762	2.123100
2763	2.184400
2764	2.076200
2765	1.983100
2766	1.892400
2767	2.187200
2768	1.962800
2769	2.008500
2770	2.101100
2771	1.955200
2772	1.976100
2773	2.074200
2774	2.005300
2775	2.102300
2776	2.088600
2777	1.993000
2778	2.181200
2779	2.154800
2780	1.983000
2781	1.773800
2782	2.084000
2783	2.051600
2784	2.104500
2785	1.930400
2786	1.928700
2787	2.163900
2788	2.065500
2789	1.925300
2790	2.002200
2791	2.024100
2792	1.979200
2793	2.082400
2794	1.992200
2795	2.142600
2796	1.987400
2797	1.983400
2798	2.002400
2799	1.976600
2800	2.091300
2801	2.024300
2802	1.962200
2803	2.089900
2804	2.049800
2805	1.900600
2806	1.800400
2807	1.962100
2808	2.089600
2809	2.141800
2810	2.036400
2811	2.181300
2812	1.999100
2813	1.876900
2814	2.090500
2815	1.792900
2816	1.818600
2817	2.028800
2818	1.948300
2819	2.072600
2820	2.033500
2821	1.951900
2822	2.161900
2823	2.015900
2824	2.088600
2825	2.194100
2826	2.027800
2827	2.051900
2828	2.030100
2829	1.987400
2830	2.056000
2831	1.928300
2832	1.932200
2833	1.796500
2834	2.041400
2835	2.165300
2836	2.030800
2837	2.116000
2838	2.027100
2839	1.959800
2840	2.022800
2841	2.148600
2842	2.037400
2843	2.112900
2844	2.153500
2845	1.913500
2846	2.006400
2847	2.186600
2848	1.978300
2849	2.036600
2850	2.107000
2851	2.120000
2852	2.093300
2853	2.083800
2854	2.167500
2855	1.933600
2856	2.057700
2857	1.867500
2858	2.174900
2859	2.175300
2860	1.876000
2861	2.051500
2862	2.052500
2863	2.109900
2864	2.042200
2865	2.005600
2866	2.133300
2867	2.028400
2868	1.970700
2869	1.902900
2870	2.033300
2871	2.126700
2872	2.158200
2873	1.964400
2874	2.002900
2875	2.219200
2876	2.012700
2877	1.991500
2878	2.059200
2879	2.047300
2880	2.007800
2881	2.017400
2882	2.035300
2883	2.061300
2884	2.092300
2885	2.083000
2886	1.972800
2887	2.163200
2888	1.995100
2889	2.002500
2890	2.029300
2891	2.007600
2892	1.988700
2893	2.229700
2894	2.021500
2895	2.023200
2896	1.973200
2897	2.111900
2898	2.018100
2899	1.786500
2900	1.869900
2901	1.939100
2902	2.069800
2903	2.073100
2904	1.829700
2905	1.926700
2906	1.965400
2907	2.108500
2908	2.056200
2909	1.885500
2910	2.077800
2911	2.105700
2912	1.971300
2913	1.948900
2914	1.980300
2915	2.011500
2916	2.132500
2917	1.870600
2918	2.220000
2919	2.039100
2920	2.085300
2921	1.954600
2922	1.926700
2923	2.020400
2924	1.978600
2925	2.045600
2926	1.972200
2927	1.927300
2928	2.169900
2929	2.135400
2930	2.176500
2931	2.023600
2932	2.041500
2933	2.057800
2934	1.980000
2935	2.056000
2936	1.880800
2937	2.150500
2938	1.964100
2939	2.057100
2940	2.137800
2941	2.129200
2942	2.009400
2943	2.016500
2944	2.015400
2945	1.950900
2946	2.110800
2947	2.216200
2948	1.958700
2949	2.033100
2950	2.209700
2951	1.909000
2952	2.070400
2953	2.134300
2954	2.011900
2955	1.997400
2956	2.030800
2957	2.098300
2958	1.756800
2959	1.902900
2960	1.862500
2961	2.018200
2962	2.024100
2963	2.065600
2964	2.017900
2965	1.895100
2966	2.036800
2967	2.010700
2968	2.067100
2969	2.006400
2970	2.032700
2971	1.942800
2972	1.968800
2973	2.032800
2974	2.011300
2975	2.002600
2976	2.166800
2977	2.060900
2978	1.874100
2979	2.092200
2980	2.014600
2981	2.129200
2982	2.159200
2983	2.093900
2984	1.981500
2985	2.121800
2986	2.085200
2987	2.084900
2988	1.936900
2989	1.853000
2990	2.209500
2991	1.880700
2992	2.048000
2993	2.141000
2994	1.898900
2995	2.090300
2996	2.049900
2997	1.866500
2998	1.899400
2999	2.062500
3000	2.022700
3001	2.194600
3002	2.112400
3003	2.109900
3004	2.021300
3005	2.010500
3006	2.121400
3007	2.052500
3008	2.104000
3009	2.093500
3010	1.945500
3011	2.043900
3012	1.954800
3013	2.008000
3014	2.002800
3015	2.119000
3016	2.134500
3017	2.105500
3018	2.175800
3019	2.225400
3020	2.169400
3021	1.992500
3022	2.086900
3023	2.112200
3024	2.012400
3025	2.166600
3026	1.950300
3027	2.140000
3028	2.033800
3029	1.972600
3030	2.015900
3031	1.935400
3032	2.046000
3033	1.929400
3034	1.824200
3035	2.122500
3036	1.935500
3037	1.935800
3038	2.141300
3039	2.005700
3040	2.018400
3041	1.909900
3042	2.155400
3043	2.042000
3044	1.997900
3045	2.033300
3046	2.141900
3047	2.106000
3048	1.944500
3049	2.118600
3050	1.920600
3051	1.888400
3052	2.116400
3053	1.953300
3054	2.184700
3055	2.093200
3056	2.050700
3057	1.972100
3058	2.094700
3059	1.983000
3060	2.156100
3061	2.075800
3062	2.005000
3063	2.211500
3064	2.152100
3065	1.810600
3066	2.151200
3067	1.972700
3068	1.910500
3069	2.055600
3070	1.912800
3071	2.187600
3072	2.148400
3073	2.214100
3074	2.056800
3075	2.080000
3076	1.970800
3077	2.081800
3078	2.009700
3079	2.090900
3080	2.118600
3081	2.073700
3082	2.009700
3083	2.063300
3084	2.094200
3085	2.070100
3086	2.144800
3087	2.139200
3088	1.940300
3089	2.079900
3090	1.926600
3091	1.980200
3092	2.114800
3093	1.957500
3094	2.020200
3095	2.099900
3096	1.899500
3097	2.045300
3098	2.004600
3099	2.053000
3100	2.195700
3101	1.957700
3102	1.969500
3103	1.936700
3104	2.164600
3105	2.023600
3106	2.139200
3107	2.099300
3108	1.950300
3109	1.979100
3110	1.999000
3111	2.081500
3112	2.002600
3113	2.114600
3114	1.964300
3115	2.113000
3116	1.960000
3117	2.086600
3118	2.102200
3119	2.069100
3120	2.036000
3121	2.181300
3122	2.076700
3123	1.889800
3124	2.042300
3125	2.045200
3126	1.990500
3127	1.942400
3128	2.188700
3129	2.203600
3130	2.162800
3131	2.005900
3132	1.931600
3133	2.165900
3134	2.162900
3135	1.929100
3136	2.059000
3137	2.087900
3138	1.964900
3139	2.024700
3140	1.988500
3141	2.017800
3142	1.854800
3143	2.028400
3144	2.174000
3145	2.127500
3146	2.029900
3147	2.063600
3148	2.108400
3149	1.692000
3150	1.936400
3151	2.135700
3152	2.077900
3153	1.955400
3154	2.207500
3155	1.894600
3156	2.089700
3157	1.933700
3158	2.063300
3159	1.816700
3160	2.020300
3161	1.986900
3162	2.094400
3163	1.972000
3164	2.044100
3165	1.975600
3166	2.144200
3167	2.096600
3168	2.128400
3169	1.919600
3170	2.040000
3171	2.082400
3172	2.090900
3173	2.097200
3174	2.110000
3175	2.048400
3176	1.986900
3177	2.089700
3178	2.114100
3179	2.108500
3180	1.948200
3181	2.118500
3182	2.016600
3183	2.056900
3184	2.055200
3185	1.938700
3186	2.135000
3187	1.982500
3188	1.962300
3189	2.102000
3190	2.071200
3191	2.164300
3192	2.003500
3193	2.014400
3194	1.911600
3195	1.951400
3196	2.183100
3197	2.119500
3198	2.066100
