Step	Training Loss
1	2.995400
2	3.066100
3	3.251800
4	3.190500
5	3.202200
6	3.235600
7	3.143900
8	3.186400
9	3.286500
10	3.311400
11	3.148800
12	3.132900
13	3.317400
14	3.025100
15	3.128500
16	3.135800
17	3.218500
18	3.101600
19	2.938600
20	3.123200
21	3.078200
22	2.890700
23	2.993800
24	3.033000
25	3.021800
26	3.046000
27	3.148700
28	2.864700
29	2.890400
30	2.959600
31	2.879600
32	2.882100
33	2.889700
34	2.805100
35	2.779300
36	2.676200
37	2.791600
38	2.807400
39	2.751700
40	2.809400
41	2.713100
42	2.781800
43	2.510500
44	2.694900
45	2.582900
46	2.727100
47	2.610800
48	2.403000
49	2.630800
50	2.625700
51	2.442600
52	2.582000
53	2.511500
54	2.469400
55	2.473100
56	2.635400
57	2.550400
58	2.568600
59	2.378000
60	2.431600
61	2.546900
62	2.482400
63	2.473800
64	2.392800
65	2.292700
66	2.379500
67	2.467500
68	2.340900
69	2.346000
70	2.648600
71	2.505700
72	2.451400
73	2.459000
74	2.340700
75	2.422200
76	2.537500
77	2.459100
78	2.445700
79	2.388500
80	2.363800
81	2.367700
82	2.490300
83	2.463000
84	2.418000
85	2.338900
86	2.450300
87	2.410500
88	2.235300
89	2.227500
90	2.480600
91	2.424100
92	2.448900
93	2.559700
94	2.378700
95	2.398500
96	2.244800
97	2.340100
98	2.509500
99	2.514300
100	2.429600
101	2.352600
102	2.333300
103	2.328200
104	2.372100
105	2.323600
106	2.363700
107	2.390000
108	2.394100
109	2.349900
110	2.412500
111	2.290700
112	2.394800
113	2.408200
114	2.381200
115	2.282400
116	2.313200
117	2.371000
118	2.329800
119	2.212200
120	2.339200
121	2.396000
122	2.362200
123	2.416200
124	2.240400
125	2.511200
126	2.442300
127	2.371300
128	2.358400
129	2.098500
130	2.321500
131	2.334700
132	2.402600
133	2.090100
134	2.471200
135	2.309100
136	2.375700
137	2.186500
138	2.193300
139	2.340200
140	2.337500
141	2.275000
142	2.395500
143	2.368100
144	2.402500
145	2.343000
146	2.242400
147	2.305600
148	2.326900
149	2.311900
150	2.286300
151	2.324800
152	2.200600
153	2.321900
154	2.403200
155	2.378400
156	2.451600
157	2.290600
158	2.326000
159	2.258000
160	2.349700
161	2.316900
162	2.337300
163	2.269900
164	2.329800
165	2.241000
166	2.323900
167	2.168500
168	2.401000
169	2.329400
170	2.209200
171	2.272800
172	2.214800
173	2.484300
174	2.120900
175	2.243800
176	2.323200
177	2.189100
178	2.199200
179	2.204100
180	2.328500
181	2.257800
182	2.325800
183	2.194800
184	2.456500
185	2.183000
186	2.291500
187	2.307500
188	2.486600
189	2.310300
190	2.310000
191	2.316400
192	2.349800
193	2.304500
194	2.189200
195	2.309000
196	2.435400
197	2.255500
198	2.344400
199	2.195100
200	2.190500
201	2.214400
202	2.245100
203	2.289400
204	2.275200
205	2.227700
206	2.255200
207	2.069300
208	2.382000
209	2.230900
210	2.314200
211	2.412700
212	2.300600
213	2.304700
214	2.209900
215	2.142700
216	2.181100
217	2.263200
218	2.371100
219	2.229100
220	2.335600
221	2.166700
222	2.364400
223	2.342700
224	2.351700
225	2.243900
226	2.254400
227	2.227200
228	2.314000
229	2.071200
230	2.366200
231	2.211900
232	2.236300
233	2.118500
234	2.376700
235	2.189000
236	2.384200
237	2.244900
238	2.489100
239	2.255800
240	2.238900
241	2.298900
242	2.186400
243	2.260600
244	2.259100
245	2.108300
246	2.125900
247	2.337600
248	2.176300
249	2.367900
250	2.327300
251	2.352500
252	2.238100
253	2.278600
254	2.188300
255	2.317800
256	2.349400
257	2.228000
258	2.068800
259	2.396500
260	2.311700
261	2.172800
262	2.243000
263	2.192500
264	2.230900
265	2.259900
266	2.069800
267	2.308100
268	2.272500
269	2.188300
270	2.315800
271	2.296700
272	2.266600
273	2.218200
274	2.257500
275	2.225200
276	2.294700
277	2.219400
278	2.209000
279	2.319000
280	2.063100
281	2.364200
282	2.217700
283	2.134000
284	2.250600
285	2.127500
286	2.256000
287	2.213900
288	1.920300
289	2.268400
290	2.252600
291	2.233600
292	2.098500
293	2.330800
294	2.271700
295	2.241700
296	2.207400
297	2.117700
298	2.364100
299	2.240300
300	2.228500
301	2.018900
302	2.051700
303	2.221100
304	2.303800
305	2.166100
306	2.340200
307	2.212300
308	2.201800
309	2.189600
310	2.248000
311	2.311500
312	2.288700
313	2.284700
314	2.246200
315	2.312200
316	2.151200
317	2.257400
318	2.257200
319	2.166300
320	2.215600
321	2.234300
322	2.136100
323	2.291900
324	2.203500
325	2.364100
326	2.214000
327	2.355300
328	2.148200
329	2.176400
330	2.212500
331	2.224000
332	2.121900
333	2.124300
334	2.297900
335	2.166900
336	2.211200
337	2.174100
338	2.238600
339	2.206000
340	2.055600
341	2.052600
342	2.245300
343	2.335400
344	2.305100
345	2.245000
346	2.040200
347	2.258500
348	2.211200
349	2.238700
350	2.036100
351	2.388700
352	2.069900
353	2.293500
354	2.103000
355	2.151800
356	2.135000
357	2.050700
358	2.204400
359	2.177600
360	2.227600
361	2.177000
362	2.332600
363	2.147000
364	2.215200
365	2.088500
366	2.305000
367	2.215100
368	2.274600
369	2.290400
370	2.137900
371	2.178000
372	2.166400
373	2.284200
374	2.028500
375	2.396200
376	2.236300
377	2.260800
378	2.247500
379	2.248600
380	2.083500
381	2.156100
382	2.237200
383	2.209300
384	2.165100
385	2.113500
386	2.207300
387	2.183500
388	2.221700
389	2.253700
390	2.338400
391	2.099000
392	2.363100
393	2.272500
394	2.174300
395	2.226700
396	2.201700
397	2.251700
398	2.269400
399	2.081000
400	2.159600
401	2.132300
402	2.280100
403	2.236200
404	2.186900
405	2.222600
406	2.287300
407	2.211200
408	2.346700
409	2.165600
410	2.187900
411	1.944100
412	2.290500
413	2.230900
414	2.006400
415	1.991700
416	2.242500
417	2.304700
418	2.172900
419	2.227500
420	2.086300
421	2.321400
422	2.152500
423	2.303000
424	2.168900
425	2.270900
426	2.304000
427	2.363700
428	2.086300
429	2.179500
430	2.224700
431	2.263000
432	2.275300
433	2.109800
434	2.202800
435	2.349600
436	2.294700
437	2.174500
438	2.335200
439	2.251800
440	2.207800
441	2.312300
442	2.225100
443	2.282400
444	2.287800
445	2.293300
446	2.278500
447	2.185700
448	2.185300
449	2.105700
450	2.267300
451	2.348000
452	2.229400
453	2.256800
454	2.247600
455	2.167200
456	2.260600
457	2.208600
458	2.204300
459	2.128000
460	2.112400
461	2.272500
462	2.051200
463	2.254900
464	2.271000
465	2.317900
466	2.104900
467	2.129300
468	2.155400
469	2.307300
470	2.299100
471	2.321900
472	1.983400
473	2.217000
474	2.324400
475	2.201700
476	2.342400
477	2.103600
478	2.129600
479	2.311000
480	2.199600
481	2.334300
482	2.343600
483	2.139100
484	2.201700
485	2.231600
486	2.201500
487	2.069200
488	2.203300
489	1.981700
490	2.204200
491	2.096600
492	2.252500
493	2.245600
494	2.050500
495	2.242100
496	2.068300
497	2.138500
498	2.209300
499	2.126100
500	2.293000
501	2.078500
502	2.216500
503	2.153000
504	2.216300
505	2.085600
506	2.112500
507	2.364600
508	1.947600
509	2.214100
510	2.121000
511	2.241300
512	2.265600
513	2.085000
514	2.385700
515	2.279300
516	2.290900
517	2.142100
518	2.277100
519	2.343900
520	2.154700
521	2.125300
522	2.350500
523	2.280100
524	2.168400
525	2.114100
526	2.350300
527	2.230700
528	2.373900
529	2.249000
530	2.071200
531	2.250000
532	2.254000
533	2.190800
534	2.214600
535	2.251500
536	2.197800
537	2.313800
538	2.318100
539	2.145200
540	2.243800
541	2.133300
542	2.307900
543	2.281300
544	2.274200
545	2.276800
546	2.289600
547	2.309500
548	2.173400
549	2.282400
550	2.288100
551	2.354600
552	2.304900
553	2.042000
554	2.197800
555	2.306800
556	2.216100
557	2.101700
558	2.186000
559	2.102600
560	2.281800
561	2.129700
562	2.129700
563	2.182300
564	2.197300
565	2.197200
566	2.177700
567	2.162400
568	2.469800
569	2.207900
570	2.049000
571	2.041700
572	2.276100
573	2.325700
574	2.357500
575	2.236800
576	2.085300
577	2.160200
578	2.227000
579	2.210100
580	2.315800
581	2.158400
582	2.041700
583	2.231200
584	2.260000
585	2.157500
586	2.328800
587	2.293000
588	2.180800
589	2.247100
590	2.134400
591	2.229800
592	2.153100
593	2.185100
594	2.131000
595	2.069400
596	2.181300
597	2.065100
598	2.039800
599	2.274800
600	2.243600
601	2.226900
602	2.229200
603	2.109200
604	2.144200
605	2.203600
606	2.188700
607	2.173700
608	2.240000
609	2.120600
610	2.138300
611	2.347400
612	2.194600
613	2.038300
614	2.167800
615	2.193000
616	2.313400
617	2.232900
618	2.101200
619	2.188400
620	2.360400
621	2.261700
622	2.051500
623	2.146800
624	2.112000
625	2.145300
626	2.168400
627	2.166300
628	2.151300
629	2.174900
630	2.175900
631	2.101900
632	2.138300
633	2.117200
634	2.280000
635	2.119500
636	2.225000
637	2.225000
