 [2536/4689 54:20 < 46:10, 0.78 it/s, Epoch 1.62/3]
Step	Training Loss
1	2.995400
2	3.066100
3	3.253800
4	3.188200
5	3.199400
6	3.231900
7	3.134600
8	3.170600
9	3.258700
10	3.267100
11	3.094800
12	3.057000
13	3.199000
14	2.887600
15	2.971100
16	2.938100
17	2.993900
18	2.865300
19	2.704700
20	2.782300
21	2.750800
22	2.568700
23	2.606600
24	2.609200
25	2.592100
26	2.605700
27	2.670200
28	2.499700
29	2.475100
30	2.574400
31	2.499700
32	2.475900
33	2.461900
34	2.404300
35	2.410400
36	2.183700
37	2.459700
38	2.545600
39	2.349300
40	2.557300
41	2.433000
42	2.492000
43	2.290500
44	2.437600
45	2.340700
46	2.485900
47	2.373600
48	2.192100
49	2.447300
50	2.419100
51	2.247900
52	2.421800
53	2.353600
54	2.323700
55	2.331900
56	2.462200
57	2.418300
58	2.427600
59	2.221200
60	2.300500
61	2.434600
62	2.361000
63	2.356600
64	2.273300
65	2.180600
66	2.277600
67	2.355500
68	2.242700
69	2.240500
70	2.525500
71	2.415500
72	2.347600
73	2.349400
74	2.235000
75	2.320100
76	2.447000
77	2.364600
78	2.355000
79	2.292200
80	2.265900
81	2.283600
82	2.394900
83	2.368900
84	2.318900
85	2.220400
86	2.362000
87	2.316400
88	2.134300
89	2.141500
90	2.381800
91	2.326600
92	2.358900
93	2.457500
94	2.290700
95	2.291000
96	2.158100
97	2.233800
98	2.418000
99	2.426700
100	2.325000
101	2.263300
102	2.240100
103	2.255100
104	2.286900
105	2.242200
106	2.268000
107	2.310800
108	2.306000
109	2.257500
110	2.329800
111	2.207700
112	2.312600
113	2.309500
114	2.287400
115	2.199000
116	2.231300
117	2.271400
118	2.224700
119	2.129300
120	2.251400
121	2.316400
122	2.275900
123	2.331600
124	2.156700
125	2.435500
126	2.363700
127	2.276800
128	2.271300
129	2.017200
130	2.238300
131	2.252500
132	2.320800
133	2.010400
134	2.388100
135	2.219700
136	2.288100
137	2.100900
138	2.106400
139	2.253100
140	2.259600
141	2.188400
142	2.308000
143	2.294400
144	2.318900
145	2.266100
146	2.165700
147	2.220300
148	2.240500
149	2.240200
150	2.214400
151	2.253500
152	2.120500
153	2.242700
154	2.333000
155	2.295100
156	2.377600
157	2.210200
158	2.254800
159	2.193600
160	2.275900
161	2.259800
162	2.258800
163	2.197400
164	2.259400
165	2.163300
166	2.261800
167	2.096900
168	2.329800
169	2.269900
170	2.130800
171	2.205500
172	2.134400
173	2.416700
174	2.058900
175	2.181700
176	2.261300
177	2.120600
178	2.136300
179	2.136500
180	2.252500
181	2.195700
182	2.254000
183	2.127200
184	2.384400
185	2.116700
186	2.219900
187	2.240400
188	2.427600
189	2.243800
190	2.235900
191	2.247900
192	2.292100
193	2.246900
194	2.130000
195	2.237900
196	2.376700
197	2.202100
198	2.285700
199	2.143800
200	2.140500
201	2.153200
202	2.174100
203	2.236800
204	2.214300
205	2.178800
206	2.205000
207	2.013700
208	2.336400
209	2.180700
210	2.252200
211	2.367400
212	2.251700
213	2.251400
214	2.161700
215	2.093100
216	2.130700
217	2.219400
218	2.309000
219	2.177900
220	2.292500
221	2.119400
222	2.314900
223	2.283300
224	2.301800
225	2.194800
226	2.209700
227	2.177100
228	2.269200
229	2.020300
230	2.316400
231	2.150600
232	2.196000
233	2.051000
234	2.328300
235	2.136200
236	2.337900
237	2.200600
238	2.440800
239	2.211400
240	2.194900
241	2.250500
242	2.138300
243	2.218400
244	2.212500
245	2.043700
246	2.082100
247	2.294200
248	2.128700
249	2.320600
250	2.280300
251	2.301900
252	2.191400
253	2.228800
254	2.134100
255	2.264900
256	2.307500
257	2.184800
258	2.014000
259	2.350600
260	2.271400
261	2.124600
262	2.195800
263	2.147400
264	2.188700
265	2.208800
266	2.022700
267	2.265900
268	2.233000
269	2.139600
270	2.272400
271	2.250500
272	2.228900
273	2.178300
274	2.209800
275	2.183500
276	2.243000
277	2.178000
278	2.164200
279	2.268000
280	2.015900
281	2.313300
282	2.177300
283	2.091700
284	2.204700
285	2.071300
286	2.213500
287	2.176600
288	1.878300
289	2.225900
290	2.205300
291	2.182100
292	2.059000
293	2.287000
294	2.218200
295	2.197200
296	2.164400
297	2.071700
298	2.320100
299	2.194200
300	2.187000
301	1.967600
302	2.005600
303	2.179900
304	2.260600
305	2.129500
306	2.298700
307	2.161800
308	2.159700
309	2.146500
310	2.206800
311	2.268200
312	2.236500
313	2.243900
314	2.200800
315	2.267900
316	2.108300
317	2.220300
318	2.217400
319	2.126300
320	2.179800
321	2.188100
322	2.084900
323	2.255100
324	2.152000
325	2.320100
326	2.165500
327	2.306400
328	2.109300
329	2.126700
330	2.170700
331	2.179600
332	2.079500
333	2.076600
334	2.257800
335	2.127600
336	2.168100
337	2.133200
338	2.198200
339	2.165300
340	2.010000
341	2.012300
342	2.203400
343	2.293300
344	2.263500
345	2.203600
346	1.990500
347	2.211600
348	2.162500
349	2.195800
350	1.998800
351	2.347400
352	2.008300
353	2.258600
354	2.063800
355	2.111100
356	2.093500
357	2.015600
358	2.170200
359	2.134900
360	2.183800
361	2.137800
362	2.278400
363	2.106900
364	2.175900
365	2.050400
366	2.264100
367	2.174100
368	2.230700
369	2.252600
370	2.091000
371	2.141100
372	2.132300
373	2.244000
374	1.982400
375	2.356500
376	2.196500
377	2.213200
378	2.205300
379	2.211200
380	2.048300
381	2.104400
382	2.195200
383	2.176500
384	2.119400
385	2.071100
386	2.167200
387	2.141000
388	2.181200
389	2.219400
390	2.307200
391	2.050000
392	2.326500
393	2.240400
394	2.137600
395	2.189300
396	2.156500
397	2.214800
398	2.232400
399	2.043300
400	2.120700
401	2.083000
402	2.239700
403	2.208300
404	2.145500
405	2.190600
406	2.259100
407	2.171300
408	2.308400
409	2.122500
410	2.150200
411	1.900000
412	2.257200
413	2.191800
414	1.970300
415	1.958100
416	2.202400
417	2.254200
418	2.137300
419	2.190600
420	2.049000
421	2.280200
422	2.117200
423	2.256200
424	2.137900
425	2.226300
426	2.268400
427	2.325600
428	2.053000
429	2.134900
430	2.188800
431	2.228000
432	2.244500
433	2.074300
434	2.158400
435	2.305700
436	2.259200
437	2.139400
438	2.296400
439	2.214800
440	2.170400
441	2.280800
442	2.187400
443	2.248100
444	2.252800
445	2.254000
446	2.249200
447	2.139400
448	2.134900
449	2.064200
450	2.226700
451	2.310800
452	2.189100
453	2.209200
454	2.211900
455	2.131800
456	2.221100
457	2.177300
458	2.170700
459	2.094100
460	2.074600
461	2.240500
462	2.015100
463	2.222100
464	2.237300
465	2.281800
466	2.065700
467	2.088300
468	2.118900
469	2.272600
470	2.263000
471	2.275900
472	1.944300
473	2.176800
474	2.276400
475	2.159100
476	2.306500
477	2.068700
478	2.091400
479	2.279300
480	2.155500
481	2.307500
482	2.301600
483	2.100700
484	2.164100
485	2.195200
486	2.162200
487	2.030400
488	2.164700
489	1.944300
490	2.163900
491	2.065100
492	2.223800
493	2.211200
494	2.007900
495	2.206200
496	2.030100
497	2.102500
498	2.175700
499	2.094900
500	2.254700
501	2.044600
502	2.186500
503	2.121500
504	2.176200
505	2.053300
506	2.082100
507	2.333300
508	1.911100
509	2.185100
510	2.089700
511	2.206800
512	2.225200
513	2.040500
514	2.347300
515	2.241400
516	2.268200
517	2.110800
518	2.237600
519	2.311200
520	2.124000
521	2.090000
522	2.313500
523	2.251600
524	2.132800
525	2.076300
526	2.316700
527	2.197800
528	2.345100
529	2.211700
530	2.031500
531	2.211300
532	2.223900
533	2.154400
534	2.182300
535	2.206500
536	2.163700
537	2.273100
538	2.279200
539	2.106400
540	2.211600
541	2.093400
542	2.279800
543	2.232800
544	2.247100
545	2.234800
546	2.251300
547	2.275800
548	2.145400
549	2.242900
550	2.256000
551	2.317300
552	2.274600
553	2.009600
554	2.161400
555	2.277600
556	2.184900
557	2.066900
558	2.156100
559	2.047300
560	2.237300
561	2.091300
562	2.101300
563	2.152200
564	2.159100
565	2.154000
566	2.141400
567	2.120300
568	2.433400
569	2.176800
570	2.013600
571	2.014100
572	2.241700
573	2.291900
574	2.324100
575	2.201600
576	2.051200
577	2.125700
578	2.189900
579	2.183200
580	2.283600
581	2.124900
582	2.003700
583	2.201400
584	2.228600
585	2.129100
586	2.292800
587	2.266000
588	2.151700
589	2.218000
590	2.104300
591	2.193100
592	2.118000
593	2.151500
594	2.095000
595	2.038900
596	2.147400
597	2.030600
598	1.996000
599	2.240100
600	2.205800
601	2.186300
602	2.198500
603	2.077200
604	2.101200
605	2.173800
606	2.146800
607	2.140500
608	2.214300
609	2.094300
610	2.105400
611	2.318300
612	2.161300
613	2.011100
614	2.132900
615	2.148000
616	2.284300
617	2.208400
618	2.066200
619	2.158000
620	2.325900
621	2.223300
622	2.016800
623	2.115700
624	2.076700
625	2.097300
626	2.128800
627	2.137200
628	2.120500
629	2.149000
630	2.147800
631	2.071200
632	2.105900
633	2.079400
634	2.246600
635	2.070000
636	2.192400
637	2.194700
638	2.093200
639	2.185600
640	2.117300
641	2.168500
642	2.310300
643	2.148200
644	2.301900
645	2.116600
646	2.203100
647	2.175500
648	2.177800
649	2.126700
650	2.121300
651	2.292600
652	1.956800
653	2.255300
654	2.111700
655	2.155100
656	2.191800
657	2.179700
658	2.022600
659	2.249900
660	2.167000
661	2.134700
662	2.152200
663	2.172900
664	2.164200
665	2.210200
666	2.168600
667	2.201000
668	2.150100
669	2.161800
670	1.976400
671	2.179300
672	2.177000
673	2.208300
674	2.111500
675	2.309500
676	2.136700
677	2.210600
678	2.031000
679	2.307000
680	2.350400
681	2.207500
682	2.278500
683	2.130300
684	2.218200
685	2.027700
686	2.094700
687	2.082500
688	2.235900
689	2.152500
690	2.260200
691	2.216300
692	2.207600
693	2.262900
694	2.178300
695	2.061900
696	2.044200
697	2.169300
698	2.223200
699	2.136700
700	2.182500
701	2.104800
702	2.144700
703	2.301100
704	2.206700
705	2.300700
706	2.126000
707	2.244700
708	2.012900
709	2.253300
710	2.053800
711	2.114900
712	2.113200
713	2.174200
714	2.086300
715	2.184800
716	2.311900
717	2.080800
718	2.051700
719	2.185100
720	2.051600
721	2.194200
722	2.156800
723	2.111400
724	2.152500
725	1.998200
726	2.127700
727	2.370900
728	2.189100
729	2.046300
730	2.170800
731	2.232100
732	2.263300
733	2.064900
734	2.289900
735	1.987100
736	2.256200
737	2.232800
738	2.137800
739	2.146300
740	2.067200
741	2.206300
742	2.247600
743	2.230900
744	2.223800
745	2.121300
746	2.106900
747	2.350600
748	2.368400
749	2.137700
750	2.146200
751	2.224800
752	2.145100
753	2.097000
754	2.074800
755	2.264500
756	2.080100
757	2.058300
758	2.202800
759	2.206200
760	2.159900
761	2.274900
762	2.048500
763	2.178700
764	2.223300
765	2.209700
766	2.063800
767	2.059900
768	2.190000
769	2.204800
770	2.057700
771	2.134500
772	1.991900
773	2.003600
774	2.173500
775	2.094400
776	2.118900
777	2.217000
778	2.119700
779	2.080600
780	2.196400
781	2.149100
782	2.245100
783	2.134300
784	2.249200
785	2.071700
786	2.118200
787	2.114900
788	2.183400
789	2.281400
790	2.251200
791	2.127600
792	2.246500
793	2.240200
794	2.244400
795	2.161600
796	2.000200
797	2.176300
798	2.102500
799	2.149500
800	2.149400
801	2.235500
802	1.917300
803	2.240100
804	2.157900
805	2.187500
806	2.105200
807	2.266900
808	2.126000
809	2.137300
810	2.192600
811	2.167300
812	2.139700
813	2.274100
814	2.175600
815	2.235800
816	2.199800
817	2.052000
818	2.215200
819	2.114500
820	2.164600
821	2.122500
822	2.059900
823	2.232300
824	2.311700
825	2.249600
826	2.407200
827	2.111500
828	2.173200
829	1.945300
830	2.147900
831	2.163000
832	2.218700
833	2.153500
834	2.137700
835	2.222300
836	2.327100
837	2.117500
838	2.079300
839	2.156500
840	2.073400
841	2.067900
842	2.200900
843	2.120600
844	2.199500
845	2.100600
846	2.183900
847	2.167900
848	2.004300
849	1.967400
850	2.152700
851	2.078900
852	2.140900
853	2.230100
854	2.340200
855	2.309600
856	2.102000
857	2.129900
858	2.176600
859	2.257700
860	2.087700
861	2.050200
862	2.280800
863	2.313500
864	2.158100
865	2.210600
866	2.226200
867	1.970200
868	2.194400
869	2.332000
870	2.056900
871	2.062800
872	2.175200
873	1.992800
874	2.193900
875	2.164000
876	2.091900
877	2.239800
878	2.220200
879	2.028100
880	2.267800
881	2.236300
882	2.080400
883	2.194900
884	2.124800
885	2.135000
886	2.093400
887	2.031200
888	2.164300
889	2.111800
890	2.042500
891	2.202900
892	2.236200
893	2.222800
894	2.136700
895	2.197800
896	1.785500
897	2.245400
898	2.147900
899	2.125600
900	1.957700
901	2.136100
902	2.278200
903	2.141100
904	2.232500
905	2.250200
906	2.186900
907	1.973100
908	2.038100
909	2.089000
910	2.201600
911	2.269400
912	1.997800
913	2.082600
914	2.223700
915	2.199600
916	2.158300
917	2.028500
918	2.280000
919	2.042400
920	1.991300
921	2.004300
922	2.230700
923	2.053100
924	2.072600
925	2.175800
926	2.131400
927	2.030200
928	2.233500
929	2.324800
930	2.295900
931	2.089400
932	2.174500
933	2.269800
934	2.125600
935	2.216300
936	2.260400
937	2.082600
938	2.031900
939	2.190100
940	2.255200
941	2.227900
942	2.220100
943	2.063300
944	2.247900
945	2.185000
946	2.229200
947	2.368600
948	2.183200
949	2.185100
950	1.960900
951	2.030200
952	2.271000
953	2.122900
954	2.050700
955	2.023600
956	2.084700
957	2.217600
958	2.101600
959	2.207500
960	2.199000
961	2.203800
962	2.067300
963	2.299900
964	2.003300
965	2.151600
966	2.134200
967	2.142900
968	2.283100
969	2.117900
970	1.950700
971	2.041500
972	2.113400
973	2.212600
974	2.274500
975	2.249600
976	2.286200
977	2.242100
978	2.104500
979	2.049600
980	2.068900
981	2.189900
982	2.166900
983	2.083600
984	2.185600
985	2.157700
986	2.176500
987	2.166100
988	2.233000
989	2.167100
990	2.287000
991	2.215900
992	2.135200
993	2.203400
994	2.185400
995	2.018700
996	2.215400
997	2.232300
998	2.081900
999	2.202900
1000	2.149900
1001	2.150900
1002	1.969000
1003	1.959900
1004	2.261300
1005	2.132500
1006	2.234800
1007	2.164200
1008	2.227100
1009	2.191500
1010	2.268400
1011	2.098100
1012	2.106100
1013	2.116800
1014	2.133200
1015	2.101300
1016	2.118300
1017	2.166100
1018	2.217300
1019	2.142500
1020	2.041500
1021	2.086300
1022	2.188900
1023	2.208500
1024	1.996300
1025	2.178700
1026	2.134400
1027	2.102100
1028	2.069900
1029	2.147300
1030	2.203400
1031	2.330700
1032	2.203500
1033	2.109300
1034	2.068500
1035	2.191200
1036	2.157900
1037	2.187600
1038	2.278800
1039	2.044200
1040	2.119500
1041	2.113700
1042	2.160700
1043	1.912000
1044	2.183100
1045	2.181000
1046	2.091100
1047	2.196800
1048	2.200500
1049	2.097200
1050	2.232300
1051	2.047400
1052	2.043100
1053	2.132800
1054	2.142900
1055	2.140200
1056	2.078100
1057	2.212600
1058	2.185200
1059	2.161400
1060	2.156600
1061	2.022500
1062	2.195100
1063	2.260700
1064	2.192300
1065	2.174900
1066	2.128100
1067	2.202300
1068	1.904800
1069	2.050600
1070	2.161500
1071	2.263800
1072	2.233000
1073	1.990500
1074	2.142900
1075	2.055600
1076	2.151600
1077	2.040500
1078	2.191900
1079	2.278100
1080	2.181200
1081	2.142300
1082	2.236100
1083	2.173600
1084	2.182900
1085	2.114100
1086	2.111200
1087	2.193100
1088	2.243900
1089	2.190100
1090	2.260100
1091	2.040800
1092	2.016300
1093	2.055300
1094	2.135400
1095	2.046400
1096	2.025400
1097	2.284100
1098	2.247400
1099	2.212900
1100	2.161500
1101	2.214100
1102	2.124300
1103	2.180400
1104	2.252600
1105	2.183300
1106	2.287200
1107	2.341700
1108	2.109700
1109	2.195200
1110	2.072800
1111	2.067300
1112	2.102200
1113	2.010900
1114	2.240200
1115	2.187500
1116	1.882500
1117	2.063100
1118	2.303900
1119	2.140000
1120	2.048700
1121	2.175600
1122	2.052600
1123	2.134700
1124	2.199400
1125	2.221600
1126	2.121300
1127	2.142700
1128	2.304300
1129	2.002300
1130	2.095600
1131	2.155600
1132	2.192300
1133	2.089300
1134	2.220900
1135	2.109400
1136	2.085300
1137	1.846600
1138	2.231100
1139	2.248500
1140	2.057300
1141	2.177100
1142	2.142500
1143	2.052000
1144	2.194500
1145	2.131800
1146	2.135000
1147	1.925500
1148	2.081700
1149	2.154100
1150	2.214000
1151	2.091800
1152	2.152600
1153	2.118400
1154	2.074700
1155	2.064600
1156	2.225200
1157	2.096100
1158	2.146300
1159	2.210200
1160	2.161100
1161	2.079700
1162	1.987800
1163	2.152500
1164	2.138000
1165	2.166100
1166	2.110900
1167	2.214600
1168	2.148600
1169	2.139200
1170	2.165100
1171	2.281500
1172	2.195300
1173	2.008500
1174	2.062500
1175	2.228500
1176	2.034200
1177	2.211400
1178	2.107700
1179	2.068500
1180	2.212000
1181	2.176200
1182	2.126000
1183	2.151600
1184	2.256000
1185	2.135500
1186	2.186400
1187	2.049700
1188	2.161000
1189	2.229100
1190	2.107300
1191	2.225500
1192	2.214000
1193	2.126100
1194	2.212000
1195	2.185000
1196	2.090900
1197	2.233500
1198	2.191000
1199	2.197900
1200	2.140700
1201	2.019600
1202	2.194000
1203	2.178200
1204	2.212300
1205	2.237600
1206	2.101500
1207	2.223800
1208	2.176900
1209	2.155300
1210	2.145400
1211	2.032300
1212	1.960400
1213	1.995300
1214	2.089800
1215	2.249300
1216	2.092000
1217	2.258400
1218	2.265700
1219	2.189900
1220	2.129700
1221	2.154500
1222	2.046400
1223	2.086600
1224	2.213000
1225	2.186600
1226	2.193900
1227	2.016100
1228	2.202200
1229	2.206400
1230	2.176500
1231	2.223300
1232	2.107100
1233	2.221700
1234	2.280800
1235	1.997600
1236	2.239900
1237	1.954700
1238	2.099600
1239	2.430100
1240	2.220100
1241	2.269000
1242	2.100100
1243	2.155500
1244	2.089700
1245	2.169600
1246	1.908100
1247	2.163800
1248	2.090400
1249	2.046200
1250	2.128500
1251	2.151100
1252	2.360400
1253	2.205700
1254	2.062600
1255	2.030400
1256	2.077300
1257	2.090200
1258	2.181100
1259	2.232600
1260	2.062600
1261	2.081800
1262	2.145000
1263	2.111300
1264	2.199700
1265	2.104600
1266	2.059000
1267	2.278300
1268	2.139400
1269	2.047800
1270	2.176600
1271	2.185000
1272	2.133600
1273	2.048900
1274	2.015200
1275	2.117400
1276	2.168900
1277	2.145700
1278	2.184300
1279	2.064800
1280	2.062500
1281	2.106000
1282	2.387800
1283	2.203300
1284	2.218900
1285	2.292900
1286	2.074400
1287	2.136200
1288	2.117400
1289	2.298300
1290	2.221300
1291	2.174600
1292	2.239900
1293	2.156500
1294	2.176600
1295	2.033600
1296	2.054400
1297	2.047300
1298	2.142500
1299	2.047700
1300	2.140000
1301	2.027000
1302	2.207500
1303	2.178500
1304	2.208000
1305	1.991400
1306	2.065700
1307	2.002800
1308	2.110000
1309	2.094400
1310	2.209000
1311	2.168700
1312	1.979000
1313	2.252100
1314	2.166800
1315	2.097800
1316	2.199200
1317	2.080100
1318	2.273700
1319	2.165100
1320	2.251100
1321	2.306000
1322	2.004400
1323	2.029100
1324	2.215600
1325	1.993800
1326	2.262100
1327	2.288100
1328	2.220000
1329	2.037800
1330	2.180900
1331	2.206700
1332	2.147400
1333	2.176000
1334	2.133000
1335	2.248400
1336	2.087500
1337	1.911900
1338	2.121300
1339	2.154400
1340	2.163200
1341	2.136600
1342	2.146500
1343	2.156100
1344	2.183400
1345	2.107700
1346	2.124000
1347	2.138100
1348	2.209100
1349	2.276400
1350	2.183200
1351	2.162400
1352	1.973300
1353	2.171600
1354	2.219900
1355	2.282100
1356	2.157200
1357	2.129600
1358	2.056900
1359	2.214600
1360	2.239900
1361	2.145400
1362	2.062100
1363	2.063000
1364	2.113300
1365	2.143600
1366	2.187100
1367	1.895600
1368	2.128600
1369	2.028400
1370	2.143900
1371	2.061600
1372	2.105000
1373	2.112100
1374	2.155500
1375	1.960900
1376	2.253400
1377	2.148500
1378	2.235400
1379	2.092800
1380	2.214800
1381	2.208600
1382	2.087000
1383	2.042600
1384	2.072900
1385	2.156400
1386	2.270600
1387	2.238100
1388	2.195200
1389	2.202500
1390	2.129100
1391	2.198700
1392	2.405600
1393	2.232300
1394	2.335000
1395	2.138900
1396	2.003900
1397	2.006100
1398	2.020500
1399	2.042900
1400	2.105800
1401	2.156500
1402	2.114300
1403	2.009600
1404	1.956200
1405	2.188800
1406	2.321200
1407	2.048100
1408	2.172300
1409	2.151500
1410	2.110100
1411	2.103700
1412	2.095000
1413	2.172100
1414	2.168200
1415	2.136100
1416	2.126200
1417	2.285400
1418	2.127900
1419	2.252600
1420	2.161800
1421	2.090600
1422	2.116500
1423	2.181000
1424	2.050600
1425	2.103800
1426	2.118500
1427	2.276000
1428	2.112000
1429	2.259200
1430	2.108200
1431	2.184400
1432	1.998900
1433	2.159300
1434	2.169800
1435	2.140000
1436	2.126500
1437	2.246000
1438	1.997500
1439	2.091700
1440	2.210600
1441	1.954500
1442	2.121200
1443	2.078600
1444	2.027600
1445	2.151700
1446	2.058100
1447	2.113100
1448	2.187100
1449	2.099200
1450	2.159900
1451	2.056600
1452	2.074500
1453	2.212500
1454	2.218800
1455	2.247100
1456	2.163500
1457	2.167200
1458	2.187000
1459	2.193700
1460	2.155300
1461	2.157700
1462	2.128600
1463	1.994200
1464	2.144000
1465	2.110700
1466	2.121300
1467	2.258500
1468	2.089800
1469	2.102300
1470	2.032600
1471	2.086600
1472	2.165900
1473	2.126500
1474	2.189900
1475	2.102900
1476	2.121700
1477	2.264100
1478	2.141000
1479	1.976100
1480	2.198400
1481	2.069000
1482	2.185700
1483	2.085900
1484	2.111300
1485	2.039900
1486	2.224400
1487	2.145100
1488	2.223400
1489	2.183600
1490	2.045400
1491	2.055700
1492	2.124600
1493	2.151200
1494	2.019500
1495	2.124600
1496	2.165700
1497	2.204500
1498	2.190900
1499	2.117800
1500	1.991300
1501	2.204100
1502	2.212500
1503	2.200400
1504	2.233900
1505	2.190300
1506	2.099500
1507	2.021600
1508	2.243400
1509	2.257200
1510	2.019200
1511	2.064600
1512	2.190900
1513	2.060000
1514	2.127600
1515	2.198800
1516	2.087700
1517	2.067200
1518	2.107400
1519	2.044700
1520	2.008000
1521	2.138900
1522	2.177400
1523	2.275200
1524	2.033900
1525	2.316800
1526	2.151000
1527	2.209000
1528	2.143100
1529	2.048500
1530	2.221600
1531	2.192300
1532	2.064500
1533	2.217000
1534	2.245100
1535	2.074400
1536	2.278400
1537	2.065200
1538	2.013000
1539	2.142400
1540	2.119100
1541	1.992500
1542	2.058600
1543	2.197400
1544	2.146700
1545	2.123800
1546	2.236200
1547	2.230500
1548	2.218500
1549	2.067900
1550	2.228800
1551	2.225800
1552	2.048900
1553	2.036700
1554	2.130500
1555	2.140500
1556	2.109900
1557	2.049700
1558	2.086900
1559	2.142600
1560	2.051500
1561	2.145600
1562	2.174500
1563	2.284000
1564	1.826400
1565	2.161000
1566	2.164700
1567	2.140500
1568	1.997700
1569	2.092100
1570	2.188700
1571	2.005900
1572	2.101100
1573	2.124100
1574	2.067900
1575	2.151200
1576	2.030800
1577	2.168100
1578	2.074000
1579	2.103300
1580	1.993200
1581	2.232200
1582	2.089000
1583	2.204600
1584	2.177300
1585	2.142100
1586	2.006100
1587	1.972700
1588	2.165700
1589	2.130600
1590	1.920300
1591	2.176600
1592	2.143800
1593	2.018100
1594	2.047900
1595	2.142900
1596	1.998500
1597	2.010400
1598	2.111300
1599	2.105700
1600	2.137900
1601	2.233100
1602	2.063500
1603	2.163200
1604	2.205400
1605	2.156400
1606	2.031600
1607	1.934600
1608	2.064900
1609	2.126400
1610	2.136300
1611	2.057600
1612	2.002400
1613	2.103300
1614	2.138300
1615	2.200900
1616	2.200000
1617	2.264700
1618	2.180200
1619	2.081300
1620	2.121800
1621	2.204700
1622	2.056500
1623	2.218400
1624	2.145100
1625	2.136000
1626	2.004900
1627	1.849500
1628	2.071100
1629	2.063300
1630	2.213600
1631	2.051600
1632	2.175900
1633	2.136900
1634	2.046300
1635	2.225400
1636	2.107500
1637	2.242700
1638	2.225400
1639	2.196500
1640	2.044700
1641	2.067200
1642	2.091000
1643	2.156200
1644	2.072400
1645	2.196400
1646	2.146800
1647	2.106100
1648	2.127700
1649	2.111100
1650	2.153100
1651	2.186900
1652	2.205600
1653	2.021600
1654	2.150200
1655	2.141500
1656	2.095900
1657	1.958600
1658	2.207500
1659	2.196600
1660	2.073800
1661	2.149800
1662	2.025700
1663	2.048500
1664	2.191900
1665	2.034500
1666	2.110900
1667	2.063500
1668	2.164900
1669	2.094300
1670	2.092300
1671	2.126000
1672	2.190000
1673	2.091100
1674	2.100700
1675	2.150000
1676	2.216700
1677	2.003600
1678	2.090200
1679	2.202700
1680	2.142000
1681	2.128300
1682	1.916600
1683	2.064200
1684	2.086000
1685	1.833700
1686	2.150900
1687	2.124100
1688	2.190000
1689	2.149700
1690	2.042200
1691	2.047200
1692	2.280800
1693	2.232500
1694	1.951600
1695	1.974300
1696	1.997200
1697	2.024000
1698	1.968400
1699	2.003900
1700	2.122600
1701	2.119800
1702	1.958200
1703	2.086700
1704	2.129300
1705	2.210100
1706	2.070600
1707	2.175800
1708	1.996000
1709	2.083600
1710	2.271600
1711	2.131500
1712	2.073100
1713	2.187600
1714	2.140600
1715	2.138800
1716	2.131400
1717	1.918700
1718	2.129900
1719	2.168900
1720	1.965100
1721	2.134600
1722	2.105300
1723	2.157800
1724	2.037400
1725	2.102300
1726	2.133800
1727	2.094200
1728	2.097500
1729	2.144400
1730	2.133700
1731	2.171200
1732	2.183800
1733	1.948300
1734	2.110500
1735	2.121800
1736	2.016500
1737	2.344700
1738	2.061800
1739	2.237500
1740	2.173400
1741	2.078900
1742	2.193800
1743	2.027400
1744	2.184700
1745	2.167100
1746	2.096800
1747	1.949100
1748	2.171300
1749	2.108000
1750	2.179900
1751	2.218800
1752	2.073000
1753	2.227900
1754	2.094800
1755	1.983600
1756	2.220300
1757	2.177900
1758	2.109000
1759	2.059000
1760	2.273500
1761	2.071400
1762	2.176600
1763	1.867500
1764	2.236700
1765	2.169100
1766	2.221800
1767	2.205000
1768	2.053500
1769	2.126700
1770	2.223800
1771	2.188600
1772	2.295700
1773	2.029000
1774	2.004500
1775	2.212200
1776	2.121800
1777	2.210800
1778	1.796000
1779	1.925500
1780	2.126900
1781	1.896400
1782	2.146600
1783	2.094100
1784	2.153000
1785	2.118400
1786	2.033000
1787	2.214300
1788	2.282500
1789	2.175800
1790	2.017000
1791	2.121100
1792	2.092000
1793	2.222400
1794	2.101700
1795	2.127500
1796	2.045400
1797	2.348400
1798	2.025700
1799	2.074200
1800	2.116300
1801	2.234300
1802	2.242400
1803	2.200200
1804	2.032800
1805	2.051700
1806	2.090400
1807	2.055900
1808	2.195200
1809	2.136600
1810	2.109000
1811	1.886100
1812	2.016100
1813	2.175100
1814	2.130500
1815	2.260800
1816	2.187200
1817	2.173500
1818	2.065800
1819	2.164600
1820	1.963300
1821	2.121700
1822	2.170700
1823	2.127300
1824	1.985200
1825	2.174600
1826	2.035700
1827	2.266100
1828	2.046700
1829	2.127000
1830	2.135200
1831	2.083400
1832	2.164200
1833	2.081100
1834	1.956600
1835	2.210700
1836	2.167000
1837	2.056900
1838	2.142600
1839	2.205200
1840	2.198200
1841	2.105900
1842	2.159000
1843	2.160400
1844	2.095400
1845	2.100000
1846	2.023300
1847	2.087500
1848	1.968700
1849	2.175000
1850	2.090500
1851	2.173700
1852	2.068900
1853	2.076500
1854	2.091000
1855	1.957700
1856	2.119300
1857	2.039900
1858	2.176200
1859	2.219600
1860	1.896200
1861	2.098800
1862	1.944900
1863	2.087100
1864	2.160600
1865	2.250100
1866	1.955300
1867	2.025800
1868	2.002000
1869	2.024300
1870	2.032100
1871	2.212700
1872	2.000100
1873	2.124600
1874	2.131100
1875	2.148000
1876	2.122600
1877	2.080300
1878	2.234400
1879	2.129900
1880	2.182000
1881	2.227500
1882	2.205100
1883	2.170900
1884	1.995700
1885	2.130700
1886	2.164400
1887	2.344600
1888	1.982500
1889	2.021100
1890	1.846300
1891	2.143800
1892	2.143300
1893	2.237600
1894	2.155600
1895	2.149100
1896	2.010100
1897	2.131900
1898	2.175100
1899	2.213100
1900	2.116400
1901	2.079400
1902	2.096200
1903	2.039300
1904	2.104000
1905	2.078800
1906	2.110400
1907	2.034800
1908	1.835700
1909	2.218000
1910	2.208500
1911	2.119700
1912	2.072100
1913	2.120200
1914	2.069000
1915	1.972300
1916	2.076800
1917	2.103800
1918	2.163000
1919	1.909800
1920	2.089100
1921	1.994600
1922	2.283300
1923	1.983000
1924	2.139900
1925	2.139700
1926	1.806600
1927	2.089700
1928	2.211400
1929	2.029300
1930	2.124600
1931	2.076600
1932	1.979700
1933	2.032800
1934	2.086700
1935	2.158400
1936	2.292100
1937	2.121600
1938	2.123800
1939	2.087700
1940	1.858500
1941	2.056900
1942	2.157200
1943	1.986300
1944	2.198700
1945	2.180900
1946	2.022300
1947	1.958500
1948	2.048300
1949	2.174200
1950	2.180700
1951	2.030500
1952	2.093200
1953	1.990900
1954	1.811900
1955	2.069200
1956	1.986800
1957	2.231300
1958	2.196500
1959	2.048500
1960	2.063300
1961	2.080700
1962	2.062100
1963	1.819400
1964	1.964100
1965	2.115400
1966	2.235400
1967	1.971800
1968	2.058900
1969	2.144600
1970	2.071600
1971	1.809500
1972	2.185100
1973	2.007500
1974	2.008200
1975	1.957000
1976	2.050300
1977	2.174200
1978	2.072600
1979	2.130000
1980	2.076300
1981	1.996900
1982	2.139400
1983	1.973400
1984	2.107500
1985	1.921300
1986	1.996400
1987	2.101900
1988	2.076400
1989	2.302700
1990	2.243600
1991	2.146700
1992	1.976000
1993	2.024300
1994	1.993600
1995	2.076900
1996	2.133300
1997	2.017300
1998	2.070900
1999	2.092000
2000	2.030900
2001	2.156500
2002	2.054900
2003	1.972300
2004	1.960900
2005	2.164000
2006	2.027700
2007	2.137800
2008	2.060200
2009	2.246000
2010	2.137400
2011	2.292200
2012	2.203300
2013	2.251600
2014	2.029100
2015	2.116500
2016	2.109400
2017	2.201000
2018	2.128500
2019	2.089000
2020	2.187200
2021	2.142500
2022	2.094100
2023	2.063100
2024	2.037100
2025	2.265000
2026	2.113500
2027	2.072400
2028	2.246100
2029	2.243600
2030	2.169000
2031	1.923300
2032	2.110600
2033	2.101000
2034	1.983600
2035	2.057000
2036	2.020400
2037	2.123600
2038	2.144100
2039	2.086400
2040	2.091400
2041	2.241600
2042	2.103200
2043	2.053500
2044	1.999200
2045	1.769500
2046	2.248800
2047	2.122700
2048	2.058900
2049	2.108100
2050	1.920900
2051	2.097600
2052	2.076200
2053	2.220600
2054	2.222300
2055	2.325800
2056	1.964900
2057	2.180600
2058	2.021100
2059	2.098200
2060	2.171700
2061	2.072200
2062	2.043000
2063	2.151800
2064	2.238400
2065	2.208500
2066	2.109400
2067	2.051900
2068	2.046900
2069	2.223800
2070	2.033200
2071	2.111900
2072	2.040800
2073	2.160900
2074	2.115800
2075	1.972800
2076	2.109800
2077	2.168600
2078	2.078100
2079	1.964300
2080	1.938900
2081	2.159900
2082	2.134000
2083	2.227600
2084	2.102000
2085	2.191400
2086	2.085900
2087	2.279400
2088	2.005100
2089	1.943600
2090	2.079200
2091	1.920000
2092	2.268700
2093	2.173400
2094	2.068400
2095	2.164200
2096	2.087600
2097	2.174800
2098	2.144800
2099	2.111200
2100	2.099300
2101	2.131700
2102	2.063600
2103	2.266600
2104	1.996700
2105	2.028300
2106	2.275100
2107	2.134900
2108	1.920100
2109	2.092600
2110	2.097400
2111	2.260800
2112	1.990200
2113	2.135200
2114	2.075600
2115	2.183900
2116	2.246300
2117	2.184100
2118	2.055900
2119	2.056800
2120	2.055400
2121	2.095600
2122	2.079400
2123	2.086800
2124	2.203100
2125	2.074000
2126	2.212600
2127	2.058400
2128	2.284300
2129	2.104400
2130	2.035500
2131	2.098500
2132	2.143500
2133	2.151300
2134	2.087800
2135	2.173700
2136	2.024100
2137	2.053100
2138	2.174700
2139	2.149200
2140	2.118000
2141	2.063900
2142	2.159800
2143	2.255600
2144	2.109100
2145	1.949100
2146	2.068700
2147	2.111100
2148	2.073100
2149	1.999800
2150	2.241300
2151	2.152600
2152	2.246100
2153	2.076000
2154	2.014400
2155	2.024900
2156	1.903100
2157	2.087700
2158	2.091700
2159	2.113200
2160	2.168800
2161	1.985200
2162	2.133200
2163	2.116900
2164	2.226800
2165	2.101900
2166	2.150500
2167	1.972600
2168	2.176400
2169	2.193400
2170	2.071000
2171	2.017400
2172	1.866700
2173	2.070700
2174	2.092600
2175	2.124000
2176	2.079300
2177	2.271900
2178	2.131100
2179	2.122300
2180	2.095100
2181	2.187000
2182	1.986400
2183	2.139300
2184	2.019500
2185	2.138400
2186	1.848000
2187	2.090300
2188	2.188400
2189	2.160700
2190	2.002400
2191	2.104600
2192	2.120100
2193	2.214900
2194	2.121900
2195	2.148400
2196	2.076600
2197	2.001800
2198	2.140900
2199	1.916000
2200	1.983300
2201	2.129600
2202	2.124600
2203	2.079000
2204	2.012000
2205	2.288800
2206	2.017400
2207	1.932500
2208	2.102400
2209	1.887000
2210	2.097800
2211	1.985300
2212	2.183100
2213	2.259600
2214	2.077700
2215	2.058600
2216	2.075500
2217	2.070400
2218	2.056000
2219	1.976400
2220	2.119400
2221	2.164600
2222	2.036200
2223	2.108800
2224	2.130700
2225	2.210600
2226	1.996400
2227	2.104700
2228	2.020400
2229	2.023500
2230	2.138900
2231	2.171000
2232	2.134700
2233	2.050600
2234	2.167000
2235	2.172700
2236	2.052100
2237	1.991600
2238	2.101900
2239	1.977400
2240	2.038400
2241	2.092600
2242	2.082100
2243	2.113200
2244	1.991100
2245	2.183600
2246	1.998100
2247	1.947700
2248	2.132400
2249	2.162200
2250	2.043600
2251	2.019300
2252	2.109500
2253	2.136200
2254	2.084100
2255	1.891800
2256	2.185500
2257	1.973900
2258	2.224900
2259	2.086400
2260	2.010300
2261	2.050200
2262	2.228700
2263	2.151900
2264	2.041500
2265	2.168300
2266	2.018200
2267	2.064900
2268	2.151200
2269	2.144800
2270	2.097400
2271	2.017900
2272	2.216300
2273	2.087400
2274	2.080600
2275	1.962000
2276	2.164300
2277	2.109700
2278	2.154600
2279	2.143300
2280	2.027700
2281	2.329600
2282	2.112600
2283	2.127200
2284	2.144600
2285	2.164600
2286	2.206900
2287	2.139900
2288	2.045900
2289	2.145100
2290	2.085500
2291	2.156700
2292	2.336200
2293	1.927800
2294	2.079800
2295	2.142700
2296	2.061900
2297	2.112900
2298	2.143800
2299	2.190600
2300	2.062800
2301	2.086700
2302	2.040900
2303	2.003400
2304	2.141100
2305	2.124500
2306	2.203000
2307	1.982500
2308	2.184700
2309	1.986000
2310	2.212300
2311	2.056800
2312	1.966400
2313	2.018100
2314	2.143200
2315	2.236500
2316	2.069500
2317	2.133100
2318	2.129400
2319	2.103700
2320	2.009700
2321	2.143800
2322	1.983900
2323	2.200500
2324	2.109600
2325	1.989000
2326	2.120200
2327	1.918700
2328	2.144200
2329	1.998300
2330	2.062100
2331	2.156400
2332	2.095600
2333	2.086800
2334	2.144900
2335	2.066300
2336	2.176900
2337	1.959000
2338	1.941900
2339	2.167200
2340	2.187900
2341	1.997100
2342	2.177800
2343	1.970900
2344	1.945200
2345	1.999100
2346	2.288700
2347	1.997500
2348	1.969600
2349	2.208600
2350	1.998200
2351	2.118500
2352	2.209300
2353	2.053200
2354	2.229000
2355	2.228900
2356	2.265500
2357	2.138800
2358	2.004200
2359	2.022600
2360	2.053200
2361	2.195400
2362	2.020900
2363	2.046900
2364	1.973300
2365	2.022600
2366	2.073800
2367	1.907000
2368	1.849900
2369	2.157600
2370	2.052200
2371	1.949000
2372	1.911500
2373	2.252600
2374	2.066200
2375	2.057000
2376	2.246500
2377	2.102600
2378	2.213200
2379	2.046800
2380	2.022100
2381	2.085300
2382	2.058200
2383	1.939700
2384	2.171800
2385	2.150500
2386	2.196100
2387	2.097900
2388	2.155600
2389	2.127300
2390	1.951100
2391	2.036300
2392	2.105000
2393	2.132300
2394	2.021200
2395	1.957100
2396	2.128100
2397	2.033800
2398	2.053300
2399	1.978700
2400	1.960500
2401	2.164300
2402	2.119400
2403	2.126700
2404	2.316300
2405	2.023900
2406	2.124400
2407	2.188600
2408	2.129600
2409	2.107200
2410	2.073800
2411	2.102500
2412	2.044300
2413	2.125100
2414	2.112600
2415	2.112300
2416	2.073800
2417	2.030700
2418	2.070500
2419	2.200100
2420	2.144300
2421	2.210500
2422	2.041700
2423	1.971300
2424	2.281200
2425	2.223500
2426	2.049400
2427	1.920500
2428	1.958800
2429	2.108000
2430	2.085400
2431	1.947800
2432	2.023700
2433	2.236100
2434	2.123500
2435	2.215000
2436	2.069600
2437	2.115300
2438	2.185500
2439	1.962800
2440	2.053800
2441	2.185800
2442	2.261600
2443	2.098000
2444	2.082200
2445	2.101500
2446	2.005400
2447	1.980200
2448	1.848100
2449	1.979900
2450	2.145600
2451	1.961000
2452	1.984100
2453	2.239700
2454	2.107300
2455	2.069000
2456	2.060200
2457	2.116100
2458	2.097900
2459	2.067500
2460	2.140200
2461	2.150500
2462	2.067500
2463	2.018800
2464	2.183400
2465	2.020200
2466	2.172200
2467	2.066900
2468	2.067200
2469	2.220600
2470	2.171400
2471	1.970300
2472	2.010500
2473	2.141800
2474	1.951700
2475	1.981900
2476	2.256800
2477	2.054200
2478	2.071800
2479	2.084800
2480	2.059100
2481	2.098500
2482	1.932900
2483	1.921900
2484	2.016600
2485	2.123600
2486	1.937800
2487	2.171900
2488	1.968500
2489	2.205300
2490	1.999000
2491	2.117500
2492	2.157900
2493	2.096200
2494	2.183700
2495	2.059800
2496	2.087200
2497	2.110400
2498	2.066200
2499	2.003900
2500	1.926900
2501	1.968100
2502	2.167700
2503	2.002600
2504	2.174800
2505	2.226500
2506	2.187200
2507	1.999400
2508	2.022800
2509	2.202400
2510	2.145700
2511	2.085900
2512	2.127600
2513	2.151800
2514	2.120100
2515	1.952500
2516	2.099900
2517	2.104300
2518	2.224500
2519	2.002200
2520	1.979900
2521	2.145500
2522	1.940600
2523	2.254600
2524	2.143300
2525	2.046600
2526	2.114100
2527	2.054900
2528	2.178900
2529	2.062700
2530	2.072400
2531	2.131100
2532	1.874600
2533	1.954600
2534	2.036900