Step	Training Loss
1	3.363500
2	3.516300
3	3.640700
4	3.577300
5	3.617800
6	3.635100
7	3.530600
8	3.540400
9	3.657300
10	3.639300
11	3.405200
12	3.366700
13	3.536100
14	3.229900
15	3.301900
16	3.316000
17	3.363100
18	3.214000
19	3.061800
20	3.237700
21	3.183600
22	2.980200
23	3.069600
24	3.093500
25	3.063300
26	3.085800
27	3.163900
28	2.886700
29	2.899500
30	2.957400
31	2.878800
32	2.862400
33	2.851000
34	2.771900
35	2.742800
36	2.604100
37	2.749500
38	2.769600
39	2.679400
40	2.762500
41	2.661200
42	2.712700
43	2.477500
44	2.623600
45	2.502600
46	2.642800
47	2.528600
48	2.331500
49	2.562500
50	2.533000
51	2.357400
52	2.500600
53	2.425400
54	2.395000
55	2.388200
56	2.530500
57	2.463600
58	2.479000
59	2.260600
60	2.343400
61	2.457800
62	2.399200
63	2.388300
64	2.305000
65	2.206900
66	2.282800
67	2.364100
68	2.250500
69	2.240400
70	2.552200
71	2.425400
72	2.353000
73	2.346700
74	2.240400
75	2.318600
76	2.443200
77	2.353800
78	2.346000
79	2.294000
80	2.260600
81	2.288700
82	2.390800
83	2.363000
84	2.309700
85	2.222700
86	2.349400
87	2.306200
88	2.119800
89	2.140500
90	2.380400
91	2.312200
92	2.352400
93	2.449100
94	2.275200
95	2.289700
96	2.155100
97	2.217600
98	2.410400
99	2.412800
100	2.309300
101	2.258400
102	2.245000
103	2.246100
104	2.279200
105	2.231000
106	2.263700
107	2.299000
108	2.293100
109	2.246100
110	2.313700
111	2.199600
112	2.305800
113	2.297100
114	2.271300
115	2.188400
116	2.218000
117	2.246900
118	2.215500
119	2.109600
120	2.244800
121	2.303600
122	2.262500
123	2.308000
124	2.147100
125	2.408100
126	2.335500
127	2.261500
128	2.244600
129	2.011600
130	2.228500
131	2.243100
132	2.296500
133	2.000200
134	2.375200
135	2.198000
136	2.271700
137	2.091900
138	2.099100
139	2.242500
140	2.243100
141	2.174500
142	2.289600
143	2.279500
144	2.304700
145	2.241600
146	2.156800
147	2.224200
148	2.227000
149	2.208800
150	2.187600
151	2.238000
152	2.099000
153	2.223800
154	2.309200
155	2.273000
156	2.354200
157	2.197200
158	2.241000
159	2.177900
160	2.255200
161	2.240800
162	2.237400
163	2.175000
164	2.235900
165	2.150200
166	2.235900
167	2.085000
168	2.291900
169	2.241600
170	2.114300
171	2.183500
172	2.128400
173	2.389900
174	2.031500
175	2.146200
176	2.230300
177	2.099300
178	2.107000
179	2.114300
180	2.229500
181	2.166900
182	2.233900
183	2.104400
184	2.367200
185	2.101100
186	2.202900
187	2.222800
188	2.390000
189	2.218000
190	2.219000
191	2.212200
192	2.253700
193	2.230900
194	2.096600
195	2.221300
196	2.353000
197	2.164700
198	2.254800
199	2.121100
200	2.121300
201	2.121400
202	2.163200
203	2.206400
204	2.192600
205	2.147600
206	2.179500
207	1.994800
208	2.307500
209	2.154500
210	2.227200
211	2.329800
212	2.213800
213	2.222800
214	2.132000
215	2.064700
216	2.105800
217	2.182500
218	2.277200
219	2.140800
220	2.251400
221	2.093200
222	2.284300
223	2.249800
224	2.266400
225	2.163000
226	2.160800
227	2.146400
228	2.237000
229	1.996500
230	2.285200
231	2.124400
232	2.153300
233	2.036600
234	2.282900
235	2.098900
236	2.287100
237	2.157400
238	2.393300
239	2.169700
240	2.172200
241	2.200100
242	2.102300
243	2.182000
244	2.167400
245	2.019000
246	2.049300
247	2.251700
248	2.087000
249	2.271100
250	2.236400
251	2.273900
252	2.151600
253	2.186000
254	2.090000
255	2.215300
256	2.252100
257	2.131100
258	1.975900
259	2.303200
260	2.222700
261	2.067000
262	2.143300
263	2.086600
264	2.116000
265	2.150500
266	1.958400
267	2.204600
268	2.181400
269	2.074300
270	2.229500
271	2.186000
272	2.147400
273	2.098900
274	2.144000
275	2.099800
276	2.188800
277	2.095600
278	2.080800
279	2.209400
280	1.936300
281	2.250000
282	2.081300
283	2.005200
284	2.114500
285	1.982200
286	2.141200
287	2.094800
288	1.810600
289	2.135700
290	2.092900
291	2.110900
292	1.997300
293	2.182300
294	2.141100
295	2.111400
296	2.091600
297	1.956200
298	2.236400
299	2.101600
300	2.094100
301	1.874300
302	1.897400
303	2.084800
304	2.162700
305	2.041300
306	2.201900
307	2.046600
308	2.067100
309	2.042000
310	2.113600
311	2.162700
312	2.145000
313	2.147000
314	2.099700
315	2.165300
316	1.988200
317	2.118400
318	2.117500
319	2.007100
320	2.068600
321	2.102700
322	1.995900
323	2.156900
324	2.050800
325	2.225000
326	2.074700
327	2.200100
328	2.012700
329	2.035800
330	2.095500
331	2.080000
332	1.982900
333	1.950700
334	2.167800
335	2.026400
336	2.042000
337	2.038600
338	2.104200
339	2.055000
340	1.906500
341	1.912300
342	2.102500
343	2.199100
344	2.170700
345	2.100400
346	1.889600
347	2.097800
348	2.077400
349	2.099600
350	1.898500
351	2.256200
352	1.890300
353	2.143400
354	1.958900
355	2.010800
356	1.973000
357	1.894000
358	2.070100
359	2.029900
360	2.076300
361	2.033600
362	2.197400
363	2.013600
364	2.080800
365	1.928500
366	2.148600
367	2.053700
368	2.143100
369	2.148500
370	1.971500
371	2.041200
372	2.009300
373	2.163400
374	1.866900
375	2.236700
376	2.074600
377	2.119900
378	2.096800
379	2.125300
380	1.941600
381	1.994100
382	2.081300
383	2.063700
384	2.035200
385	1.979700
386	2.070400
387	2.012000
388	2.073600
389	2.137900
390	2.198800
391	1.927300
392	2.215900
393	2.130100
394	2.032400
395	2.094700
396	2.057100
397	2.116200
398	2.125800
399	1.941600
400	1.988200
401	1.983700
402	2.132300
403	2.112900
404	2.046700
405	2.100400
406	2.147800
407	2.062800
408	2.194200
409	2.004000
410	2.051100
411	1.815300
412	2.146000
413	2.081000
414	1.879100
415	1.843900
416	2.097200
417	2.177300
418	2.031200
419	2.091300
420	1.914300
421	2.194200
422	2.015800
423	2.149100
424	2.014700
425	2.130800
426	2.147300
427	2.219700
428	1.937100
429	2.022000
430	2.082300
431	2.114300
432	2.129100
433	1.979000
434	2.057400
435	2.182800
436	2.140600
437	2.028700
438	2.188600
439	2.118000
440	2.048500
441	2.184400
442	2.075500
443	2.126100
444	2.158600
445	2.171200
446	2.149000
447	2.016000
448	2.035300
449	1.947000
450	2.128300
451	2.200000
452	2.104300
453	2.102300
454	2.108000
455	2.032000
456	2.118400
457	2.061000
458	2.071900
459	1.978800
460	1.972500
461	2.134000
462	1.911600
463	2.118100
464	2.125700
465	2.198300
466	1.967300
467	1.976300
468	2.007500
469	2.172200
470	2.155400
471	2.167500
472	1.826000
473	2.061300
474	2.182700
475	2.034800
476	2.193100
477	1.970200
478	1.983600
479	2.166600
480	2.031500
481	2.187100
482	2.216200
483	2.005200
484	2.054400
485	2.084200
486	2.048000
487	1.906200
488	2.053900
489	1.838000
490	2.056300
491	1.946900
492	2.109200
493	2.098200
494	1.918700
495	2.113800
496	1.932600
497	2.002900
498	2.070000
499	1.999800
500	2.151000
501	1.938600
502	2.075500
503	1.999000
504	2.068800
505	1.932900
506	1.956800
507	2.233800
508	1.848800
509	2.061000
510	1.978100
511	2.090700
512	2.129700
513	1.927800
514	2.236800
515	2.139800
516	2.143900
517	2.003000
518	2.147500
519	2.198700
520	2.009700
521	1.994000
522	2.229700
523	2.116200
524	2.039700
525	2.000100
526	2.221800
527	2.063800
528	2.246200
529	2.103400
530	1.918600
531	2.087400
532	2.138400
533	2.049700
534	2.068200
535	2.102100
536	2.054500
537	2.174600
538	2.161200
539	2.003400
540	2.100800
541	1.996500
542	2.190200
543	2.125700
544	2.135300
545	2.142100
546	2.126800
547	2.175000
548	2.052500
549	2.131700
550	2.159200
551	2.215800
552	2.161800
553	1.903400
554	2.075600
555	2.175200
556	2.089800
557	1.953900
558	2.053400
559	1.936300
560	2.127200
561	1.981900
562	1.980600
563	2.058000
564	2.053000
565	2.053600
566	2.007900
567	2.018900
568	2.340400
569	2.077400
570	1.896400
571	1.890300
572	2.113900
573	2.189800
574	2.215100
575	2.095900
576	1.923000
577	2.005400
578	2.077300
579	2.067500
580	2.158500
581	2.017000
582	1.897600
583	2.082200
584	2.144300
585	2.026000
586	2.181700
587	2.148700
588	2.029700
589	2.092100
590	1.999800
591	2.095400
592	2.014500
593	2.023500
594	1.993300
595	1.949300
596	2.030700
597	1.930400
598	1.909900
599	2.127700
600	2.093700
601	2.079200
602	2.065700
603	1.956500
604	1.998700
605	2.061900
606	2.025900
607	2.025100
608	2.087200
609	1.971200
610	1.983300
611	2.195700
612	2.040500
613	1.918600
614	2.033700
615	2.056600
616	2.181500
617	2.109000
618	1.951600
619	2.045800
620	2.209600
621	2.123100
622	1.906800
623	2.020300
624	1.962600
625	2.001900
626	2.017200
627	2.014700
628	2.001000
629	2.009300
630	2.021300
631	1.943100
632	1.964600
633	1.967100
634	2.119200
635	1.956500
636	2.100500
637	2.080100
638	1.986900
639	2.075900
640	1.992800
641	2.052800
642	2.209400
643	2.052300
644	2.204400
645	1.990800
646	2.096200
647	2.070000
648	2.078100
649	2.026000
650	2.019900
651	2.177500
652	1.833300
653	2.159000
654	1.999900
655	2.051100
656	2.068500
657	2.078000
658	1.925700
659	2.147700
660	2.063800
661	2.043300
662	2.038600
663	2.058700
664	2.046300
665	2.096200
666	2.044900
667	2.114800
668	2.033200
669	2.054900
670	1.851400
671	2.058400
672	2.066600
673	2.103300
674	1.996900
675	2.190000
676	2.047400
677	2.083500
678	1.927900
679	2.190400
680	2.239200
681	2.115000
682	2.178400
683	2.002200
684	2.101600
685	1.923000
686	1.972900
687	1.994700
688	2.119500
689	2.040200
690	2.170500
691	2.105300
692	2.098500
693	2.146600
694	2.063800
695	1.940300
696	1.928100
697	2.058800
698	2.096600
699	2.031800
700	2.080300
701	1.988600
702	2.031900
703	2.191700
704	2.115900
705	2.187200
706	1.984100
707	2.145800
708	1.900900
709	2.138400
710	1.939300
711	2.001800
712	2.009300
713	2.076000
714	1.985600
715	2.088300
716	2.197600
717	1.956400
718	1.937300
719	2.072200
720	1.931600
721	2.088800
722	2.038700
723	1.999000
724	2.052000
725	1.883400
726	2.020700
727	2.267300
728	2.063000
729	1.911700
730	2.059900
731	2.132700
732	2.150600
733	1.968800
734	2.188800
735	1.880200
736	2.140300
737	2.098400
738	2.037000
739	2.026300
740	1.952500
741	2.087800
742	2.118600
743	2.107700
744	2.089800
745	2.014300
746	1.993400
747	2.236100
748	2.252600
749	2.021700
750	2.026000
751	2.107300
752	2.033100
753	2.009900
754	1.948900
755	2.161000
756	1.965000
757	1.941300
758	2.110800
759	2.087900
760	2.051200
761	2.166600
762	1.964200
763	2.070500
764	2.136300
765	2.088400
766	1.941200
767	1.949600
768	2.086800
769	2.096000
770	1.952700
771	1.994500
772	1.865700
773	1.914000
774	2.051600
775	1.951100
776	2.018900
777	2.107000
778	1.992800
779	1.962100
780	2.096100
781	2.043700
782	2.138700
783	2.020600
784	2.128700
785	1.942900
786	2.012600
787	2.016600
788	2.055900
789	2.175600
790	2.134400
791	2.048400
792	2.121700
793	2.128600
794	2.130600
795	2.027900
796	1.891900
797	2.070500
798	1.989600
799	2.034700
800	2.026400
801	2.121800
802	1.793200
803	2.129500
804	2.039300
805	2.090000
806	2.000100
807	2.139000
808	2.012200
809	2.014100
810	2.105800
811	2.063600
812	2.008200
813	2.166900
814	2.064400
815	2.139900
816	2.099700
817	1.929500
818	2.122800
819	2.001500
820	2.066300
821	1.995000
822	1.946100
823	2.127700
824	2.195100
825	2.120300
826	2.294100
827	2.007200
828	2.050500
829	1.827800
830	2.034700
831	2.029500
832	2.092800
833	2.043100
834	2.026300
835	2.099200
836	2.201100
837	2.005800
838	1.990000
839	2.045000
840	1.950900
841	1.937800
842	2.107100
843	2.009600
844	2.068700
845	1.986300
846	2.071000
847	2.079700
848	1.896500
849	1.859200
850	2.024000
851	1.960000
852	2.037700
853	2.117800
854	2.244300
855	2.204600
856	1.964600
857	2.009000
858	2.055400
859	2.146300
860	1.962000
861	1.912400
862	2.180000
863	2.212500
864	2.043900
865	2.105200
866	2.116000
867	1.872200
868	2.090800
869	2.247800
870	1.920100
871	1.946300
872	2.061000
873	1.906400
874	2.079000
875	2.034200
876	1.984200
877	2.136900
878	2.099200
879	1.941600
880	2.180300
881	2.113500
882	1.967900
883	2.110400
884	2.032500
885	2.016500
886	1.958800
887	1.944900
888	2.074600
889	1.984900
890	1.935400
891	2.097900
892	2.122600
893	2.120400
894	2.018300
895	2.085900
896	1.661000
897	2.154400
898	2.018900
899	2.023900
900	1.834200
901	2.024800
902	2.151700
903	2.025300
904	2.117400
905	2.146800
906	2.083300
907	1.847300
908	1.913600
909	1.979200
910	2.101200
911	2.156500
912	1.877900
913	1.977000
914	2.110500
915	2.070300
916	2.053000
917	1.906000
918	2.166900
919	1.922200
920	1.878300
921	1.877100
922	2.123900
923	1.922500
924	1.962500
925	2.055800
926	2.030700
927	1.917000
928	2.131200
929	2.218600
930	2.197900
931	1.989100
932	2.051400
933	2.155100
934	2.015700
935	2.107900
936	2.152100
937	1.958200
938	1.935000
939	2.095400
940	2.164700
941	2.123000
942	2.108800
943	1.963400
944	2.151700
945	2.065600
946	2.113000
947	2.260300
948	2.067200
949	2.055900
950	1.842700
951	1.917500
952	2.154700
953	2.020300
954	1.920200
955	1.917100
956	1.988400
957	2.126500
958	1.993100
959	2.108600
960	2.092700
961	2.097200
962	1.938400
963	2.204800
964	1.908000
965	2.027800
966	2.006200
967	2.021600
968	2.195200
969	1.982100
970	1.835000
971	1.940400
972	1.983900
973	2.118000
974	2.148200
975	2.131400
976	2.173700
977	2.138300
978	2.011300
979	1.931700
980	1.972900
981	2.075900
982	2.060100
983	1.957400
984	2.090500
985	2.058400
986	2.062700
987	2.064300
988	2.122500
989	2.053300
990	2.187100
991	2.111400
992	2.047200
993	2.094300
994	2.074500
995	1.910000
996	2.104100
997	2.116500
998	1.977000
999	2.084800
1000	2.033200
1001	2.055900
1002	1.851800
1003	1.834100
1004	2.156600
1005	2.010300
1006	2.117500
1007	2.056900
1008	2.125500
1009	2.076300
1010	2.161500
1011	1.980400
1012	1.980700
1013	1.995500
1014	2.021200
1015	1.985000
1016	2.003600
1017	2.091400
1018	2.119800
1019	2.037100
1020	1.922600
1021	1.974600
1022	2.071600
1023	2.084900
1024	1.893400
1025	2.064000
1026	2.016500
1027	1.970500
1028	1.940200
1029	2.065700
1030	2.106400
1031	2.241200
1032	2.099100
1033	1.993100
1034	1.977400
1035	2.069500
1036	2.067000
1037	2.074900
1038	2.159100
1039	1.916700
1040	2.009900
1041	1.992200
1042	2.030700
1043	1.816200
1044	2.078000
1045	2.091000
1046	1.983100
1047	2.085600
1048	2.091000
1049	1.987300
1050	2.119300
1051	1.914800
1052	1.923500
1053	2.035200
1054	2.041200
1055	2.017500
1056	1.952100
1057	2.111400
1058	2.066800
1059	2.027200
1060	2.052100
1061	1.897700
1062	2.062500
1063	2.153300
1064	2.093000
1065	2.067000
1066	2.023600
1067	2.084800
1068	1.779600
1069	1.939300
1070	2.059500
1071	2.163100
1072	2.133800
1073	1.888100
1074	2.043600
1075	1.942800
1076	2.029900
1077	1.936700
1078	2.087000
1079	2.172000
1080	2.079300
1081	2.039000
1082	2.115100
1083	2.057500
1084	2.083200
1085	1.998000
1086	2.033200
1087	2.064500
1088	2.115100
1089	2.096900
1090	2.147800
1091	1.916200
1092	1.897400
1093	1.955100
1094	2.031600
1095	1.928500
1096	1.891400
1097	2.171100
1098	2.133400
1099	2.101200
1100	2.045800
1101	2.114100
1102	2.022100
1103	2.080300
1104	2.146000
1105	2.077400
1106	2.170900
1107	2.249400
1108	1.988200
1109	2.094600
1110	1.956000
1111	1.957200
1112	1.994800
1113	1.895600
1114	2.125200
1115	2.074500
1116	1.774200
1117	1.942000
1118	2.209500
1119	2.050700
1120	1.963800
1121	2.068500
1122	1.943400
1123	2.030600
1124	2.095100
1125	2.115900
1126	2.005200
1127	2.021100
1128	2.203800
1129	1.871400
1130	1.994600
1131	2.049600
1132	2.092800
1133	1.997100
1134	2.123200
1135	1.991600
1136	1.960500
1137	1.723200
1138	2.139400
1139	2.151200
1140	1.947100
1141	2.075500
1142	2.035500
1143	1.927800
1144	2.084700
1145	2.047200
1146	2.002600
1147	1.814000
1148	1.983100
1149	2.046600
1150	2.109500
1151	1.979000
1152	2.053900
1153	2.018600
1154	1.958200
1155	1.949800
1156	2.125500
1157	1.996400
1158	2.067500
1159	2.102900
1160	2.044500
1161	1.953200
1162	1.879300
1163	2.048600
1164	2.028000
1165	2.071900
1166	2.000800
1167	2.109500
1168	2.053300
1169	2.006800
1170	2.031700
1171	2.160000
1172	2.085600
1173	1.879500
1174	1.927900
1175	2.125900
1176	1.900000
1177	2.100600
1178	1.999700
1179	1.980400
1180	2.127000
1181	2.076600
1182	2.028200
1183	2.057900
1184	2.156300
1185	2.034200
1186	2.081300
1187	1.944800
1188	2.062600
1189	2.113800
1190	1.986200
1191	2.133000
1192	2.110100
1193	2.020400
1194	2.117600
1195	2.081100
1196	1.970600
1197	2.098300
1198	2.087800
1199	2.084600
1200	2.014000
1201	1.902600
1202	2.110700
1203	2.067100
1204	2.108600
1205	2.134100
1206	1.997500
1207	2.113600
1208	2.083500
1209	2.034100
1210	2.004200
1211	1.939200
1212	1.860300
1213	1.876000
1214	1.984600
1215	2.156800
1216	1.976300
1217	2.118000
1218	2.138600
1219	2.091600
1220	2.034900
1221	2.053100
1222	1.929300
1223	1.988500
1224	2.093800
1225	2.083200
1226	2.054000
1227	1.884900
1228	2.089600
1229	2.084700
1230	2.058800
1231	2.098100
1232	1.989800
1233	2.103400
1234	2.180300
1235	1.869700
1236	2.130300
1237	1.847700
1238	2.010200
1239	2.325800
1240	2.110100
1241	2.138800
1242	1.998000
1243	2.044800
1244	1.963200
1245	2.068400
1246	1.777500
1247	2.065100
1248	1.984100
1249	1.908700
1250	2.026600
1251	2.016400
1252	2.257500
1253	2.082900
1254	1.944200
1255	1.900500
1256	1.971900
1257	2.002500
1258	2.097000
1259	2.128700
1260	1.939300
1261	1.983500
1262	2.035500
1263	2.003000
1264	2.093500
1265	1.995100
1266	1.930400
1267	2.168600
1268	2.005900
1269	1.950400
1270	2.084200
1271	2.073100
1272	2.022000
1273	1.926700
1274	1.897100
1275	2.003500
1276	2.067900
1277	2.039800
1278	2.072200
1279	1.966500
1280	1.947500
1281	1.995100
1282	2.287000
1283	2.110200
1284	2.098600
1285	2.205400
1286	1.961700
1287	2.021700
1288	2.021200
1289	2.190400
1290	2.117400
1291	2.075400
1292	2.134000
1293	2.066500
1294	2.064600
1295	1.920000
1296	1.941100
1297	1.916700
1298	2.047700
1299	1.949800
1300	2.024800
1301	1.911000
1302	2.089600
1303	2.099600
1304	2.092100
1305	1.889600
1306	1.946900
1307	1.899500
1308	1.993400
1309	1.995700
1310	2.096600
1311	2.052500
1312	1.870100
1313	2.131500
1314	2.054300
1315	2.001900
1316	2.097900
1317	1.963800
1318	2.163600
1319	2.052500
1320	2.151800
1321	2.183100
1322	1.904300
1323	1.917600
1324	2.116800
1325	1.870600
1326	2.146600
1327	2.186000
1328	2.115500
1329	1.931000
1330	2.087800
1331	2.082800
1332	2.045700
1333	2.076900
1334	2.026700
1335	2.137400
1336	1.972400
1337	1.841000
1338	2.024400
1339	2.035400
1340	2.027800
1341	2.018200
1342	2.037400
1343	2.042000
1344	2.075000
1345	2.003300
1346	2.018400
1347	2.021600
1348	2.106000
1349	2.177400
1350	2.078400
1351	2.050700
1352	1.854000
1353	2.044000
1354	2.101500
1355	2.176200
1356	2.058900
1357	2.029700
1358	1.933900
1359	2.115500
1360	2.146300
1361	2.036800
1362	1.939800
1363	1.970500
1364	1.988100
1365	2.029000
1366	2.069300
1367	1.802500
1368	2.001600
1369	1.909700
1370	2.037300
1371	1.960600
1372	1.998500
1373	2.004800
1374	2.038200
1375	1.847600
1376	2.143600
1377	2.059900
1378	2.125500
1379	1.980900
1380	2.098500
1381	2.101600
1382	1.980400
1383	1.922200
1384	1.962200
1385	2.048400
1386	2.156300
1387	2.128700
1388	2.090600
1389	2.098400
1390	2.022900
1391	2.107600
1392	2.273000
1393	2.098500
1394	2.241000
1395	2.019000
1396	1.881700
1397	1.912800
1398	1.926100
1399	1.948900
1400	1.982300
1401	2.067100
1402	2.012000
1403	1.892300
1404	1.871600
1405	2.088500
1406	2.219900
1407	1.928400
1408	2.087600
1409	2.051400
1410	1.972500
1411	2.000100
1412	1.983700
1413	2.063300
1414	2.067700
1415	2.006900
1416	2.012700
1417	2.184000
1418	2.020300
1419	2.140100
1420	2.075000
1421	1.974400
1422	1.993700
1423	2.065900
1424	1.929200
1425	2.012100
1426	2.018100
1427	2.144300
1428	1.973900
1429	2.166400
1430	1.984800
1431	2.078600
1432	1.870400
1433	2.030400
1434	2.063500
1435	2.012700
1436	2.022600
1437	2.147400
1438	1.859200
1439	1.988400
1440	2.116100
1441	1.840800
1442	1.987600
1443	1.982500
1444	1.919700
1445	2.053800
1446	1.965300
1447	2.013700
1448	2.082500
1449	1.997000
1450	2.040900
1451	1.932500
1452	1.961300
1453	2.121900
1454	2.107900
1455	2.137000
1456	2.049500
1457	2.053500
1458	2.073000
1459	2.076100
1460	2.036100
1461	2.061100
1462	2.021900
1463	1.874200
1464	2.050900
1465	1.982200
1466	2.002600
1467	2.164000
1468	1.971000
1469	2.001300
1470	1.907300
1471	1.965300
1472	2.024500
1473	2.009100
1474	2.094100
1475	2.002000
1476	2.006500
1477	2.164300
1478	2.018000
1479	1.845300
1480	2.098700
1481	1.949600
1482	2.086000
1483	1.990700
1484	2.020500
1485	1.927800
1486	2.110100
1487	2.051800
1488	2.104900
1489	2.068600
1490	1.922800
1491	1.956700
1492	2.018900
1493	2.029400
1494	1.880200
1495	2.031500
1496	2.055100
1497	2.100800
1498	2.077500
1499	2.028900
1500	1.889300
1501	2.092400
1502	2.106500
1503	2.062400
1504	2.128000
1505	2.073100
1506	2.009500
1507	1.922500
1508	2.161100
1509	2.138300
1510	1.918800
1511	1.955500
1512	2.087200
1513	1.957900
1514	2.000000
1515	2.116400
1516	1.960600
1517	1.999300
1518	2.020800
1519	1.943700
1520	1.910600
1521	2.039500
1522	2.072600
1523	2.182000
1524	1.934600
1525	2.218800
1526	2.040600
1527	2.089700
1528	2.022300
1529	1.956600
1530	2.122100
1531	2.074800
1532	1.956200
1533	2.110500
1534	2.105500
1535	1.956400
1536	2.165100
1537	1.959600
1538	1.884400
1539	2.041500
1540	2.021500
1541	1.885600
1542	1.950700
1543	2.090100
1544	2.038800
1545	2.002800
1546	2.122600
1547	2.107000
1548	2.103400
1549	1.963300
1550	2.122100
1551	2.130000
1552	1.935000
1553	1.917800
1554	2.031900
1555	2.027000
1556	2.008500
1557	1.943600
1558	1.983600
1559	2.048300
1560	1.938600
1561	2.027500
1562	2.067100
1563	2.167400
1564	1.733000
1565	2.059600
1566	2.067100
1567	2.026100
1568	1.881600
1569	1.985100
1570	2.091200
1571	1.892100
1572	2.012100
1573	2.017500
1574	1.937000
1575	2.046300
1576	1.927000
1577	2.078100
1578	1.985600
1579	1.991100
1580	1.885400
1581	2.133900
1582	1.983800
1583	2.112400
1584	2.081400
1585	2.072600
1586	1.911900
1587	1.859900
1588	2.049800
1589	2.027600
1590	1.819400
1591	2.090600
1592	2.040400
1593	1.928800
1594	1.955900
1595	2.051200
1596	1.900100
1597	1.898800
1598	2.002100
1599	2.022400
1600	2.016300
1601	2.125800
1602	1.947900
1603	2.048700
1604	2.086700
1605	2.050900
1606	1.924900
1607	1.862500
1608	1.963300
1609	2.018700
1610	2.033300
1611	1.969900
1612	1.875700
1613	1.987800
1614	2.060800
1615	2.090300
1616	2.110700
1617	2.164700
1618	2.076200
1619	1.979200
1620	2.055300
1621	2.118900
1622	1.939900
1623	2.118500
1624	2.044300
1625	2.032000
1626	1.904400
1627	1.755800
1628	1.966600
1629	1.941600
1630	2.125000
1631	1.952200
1632	2.096300
1633	2.057500
1634	1.933400
1635	2.118300
1636	1.997600
1637	2.131000
1638	2.113900
1639	2.084700
1640	1.943900
1641	1.955500
1642	1.991700
1643	2.071200
1644	1.994400
1645	2.109500
1646	2.030300
1647	2.000300
1648	2.050500
1649	2.008100
1650	2.047400
1651	2.087400
1652	2.092200
1653	1.943400
1654	2.057100
1655	2.058500
1656	2.002800
1657	1.841100
1658	2.089800
1659	2.062200
1660	1.967900
1661	2.065500
1662	1.904400
1663	1.941000
1664	2.091700
1665	1.946700
1666	2.017500
1667	1.965600
1668	2.079000
1669	1.989500
1670	1.986100
1671	2.005800
1672	2.096100
1673	2.000100
1674	1.989400
1675	2.045400
1676	2.121600
1677	1.942300
1678	1.991700
1679	2.124400
1680	2.005100
1681	2.017100
1682	1.801500
1683	1.975100
1684	1.970400
1685	1.760000
1686	2.043900
1687	2.030000
1688	2.066800
1689	2.038600
1690	1.930500
1691	1.932500
1692	2.194400
1693	2.134700
1694	1.837900
1695	1.879800
1696	1.884000
1697	1.908700
1698	1.846200
1699	1.890400
1700	2.012900
1701	2.025700
1702	1.876800
1703	1.976800
1704	2.043200
1705	2.118300
1706	1.965600
1707	2.085900
1708	1.893500
1709	1.991900
1710	2.188000
1711	2.048700
1712	1.967800
1713	2.081000
1714	2.058100
1715	2.033400
1716	2.012200
1717	1.809900
1718	2.016000
1719	2.055700
1720	1.845400
1721	2.031500
1722	2.013600
1723	2.065000
1724	1.945200
1725	1.993700
1726	2.010500
1727	2.013500
1728	1.972000
1729	2.056500
1730	2.037500
1731	2.066300
1732	2.087200
1733	1.865100
1734	2.010100
1735	2.006500
1736	1.900000
1737	2.244400
1738	1.943800
1739	2.141500
1740	2.090100
1741	1.976500
1742	2.101800
1743	1.929500
1744	2.087800
1745	2.065100
1746	1.997100
1747	1.837400
1748	2.053600
1749	2.011300
1750	2.085200
1751	2.137900
1752	1.969000
1753	2.106800
1754	1.979300
1755	1.887300
1756	2.130300
1757	2.078500
1758	1.992900
1759	1.965900
1760	2.165000
1761	1.964600
1762	2.077800
1763	1.756100
1764	2.139700
1765	2.076700
1766	2.110600
1767	2.116400
1768	1.932500
1769	2.048300
1770	2.125300
1771	2.078700
1772	2.195400
1773	1.942800
1774	1.891400
1775	2.114100
1776	2.033900
1777	2.090200
1778	1.707000
1779	1.816000
1780	2.029600
1781	1.774200
1782	2.036900
1783	2.021700
1784	2.053700
1785	2.023500
1786	1.972500
1787	2.125000
1788	2.197600
1789	2.067600
1790	1.921200
1791	2.009200
1792	1.989600
1793	2.102900
1794	1.986300
1795	2.028000
1796	1.953400
1797	2.254100
1798	1.934500
1799	1.965700
1800	2.004500
1801	2.132800
1802	2.142600
1803	2.097200
1804	1.948700
1805	1.947000
1806	1.984900
1807	1.973200
1808	2.083400
1809	2.036700
1810	2.030200
1811	1.774400
1812	1.920600
1813	2.068500
1814	2.043700
1815	2.162100
1816	2.087300
1817	2.073800
1818	1.990700
1819	2.073400
1820	1.891100
1821	2.015600
1822	2.088600
1823	2.029600
1824	1.896200
1825	2.071300
1826	1.943500
1827	2.167000
1828	1.953300
1829	2.023400
1830	2.041000
1831	1.976600
1832	2.075900
1833	2.013100
1834	1.842400
1835	2.124000
1836	2.067300
1837	1.935400
1838	2.028500
1839	2.104700
1840	2.079900
1841	2.012300
1842	2.055400
1843	2.073200
1844	2.010100
1845	1.997200
1846	1.929200
1847	1.995900
1848	1.888700
1849	2.087300
1850	1.994600
1851	2.080400
1852	1.965100
1853	1.982700
1854	1.983500
1855	1.869100
1856	2.018000
1857	1.932500
1858	2.100500
1859	2.143800
1860	1.802900
1861	1.991900
1862	1.840000
1863	1.984400
1864	2.060700
1865	2.172100
1866	1.838400
1867	1.916800
1868	1.916200
1869	1.960100
1870	1.922100
1871	2.106900
1872	1.904700
1873	2.004800
1874	2.032800
1875	2.068900
1876	2.026500
1877	1.977400
1878	2.162900
1879	2.007000
1880	2.077300
1881	2.136700
1882	2.112800
1883	2.068100
1884	1.876400
1885	2.039400
1886	2.052000
1887	2.250600
1888	1.866000
1889	1.900700
1890	1.760900
1891	2.037800
1892	2.047800
1893	2.136700
1894	2.044900
1895	2.058400
1896	1.906600
1897	2.029400
1898	2.068100
1899	2.097700
1900	2.012400
1901	1.999400
1902	1.996900
1903	1.918200
1904	2.024300
1905	1.968900
1906	2.002700
1907	1.915700
1908	1.723100
1909	2.128800
1910	2.106500
1911	2.024000
1912	1.997300
1913	2.031100
1914	1.949100
1915	1.846000
1916	1.973600
1917	2.009700
1918	2.059300
1919	1.817400
1920	1.992500
1921	1.877500
1922	2.172500
1923	1.877200
1924	2.032200
1925	2.045600
1926	1.733500
1927	1.992200
1928	2.121600
1929	1.963900
1930	2.009600
1931	1.979800
1932	1.859200
1933	1.926100
1934	1.990100
1935	2.058500
1936	2.198100
1937	2.055500
1938	2.022500
1939	1.991100
1940	1.755500
1941	1.965300
1942	2.068200
1943	1.880800
1944	2.102700
1945	2.085700
1946	1.904900
1947	1.820300
1948	1.938400
1949	2.083600
1950	2.093500
1951	1.959400
1952	1.972400
1953	1.893600
1954	1.745300
1955	1.961600
1956	1.875800
1957	2.150300
1958	2.084800
1959	1.977400
1960	1.970000
1961	1.982300
1962	1.955600
1963	1.709800
1964	1.851100
1965	2.009900
1966	2.152900
1967	1.848800
1968	1.957900
1969	2.029800
1970	1.989000
1971	1.740400
1972	2.094100
1973	1.901000
1974	1.917200
1975	1.827900
1976	1.955700
1977	2.069400
1978	1.967400
1979	2.033600
1980	1.966900
1981	1.878800
1982	2.062300
1983	1.851600
1984	2.011300
1985	1.819500
1986	1.907800
1987	1.977100
1988	1.964600
1989	2.199100
1990	2.164400
1991	2.032000
1992	1.854200
1993	1.931200
1994	1.897400
1995	1.964800
1996	2.037500
1997	1.910900
1998	1.969700
1999	1.998600
2000	1.935200
2001	2.055000
2002	1.941900
2003	1.886400
2004	1.851900
2005	2.082600
2006	1.902700
2007	2.025900
2008	1.990200
2009	2.153800
2010	2.022900
2011	2.191400
2012	2.103300
2013	2.144700
2014	1.934700
2015	2.017200
2016	2.008000
2017	2.112400
2018	2.018800
2019	1.980100
2020	2.082500
2021	2.039000
2022	2.008000
2023	1.994700
2024	1.923700
2025	2.163100
2026	2.029500
2027	1.989800
2028	2.144600
2029	2.144500
2030	2.089300
2031	1.818600
2032	2.007000
2033	1.980900
2034	1.868000
2035	1.973100
2036	1.930400
2037	2.025600
2038	2.031600
2039	2.002100
2040	1.967000
2041	2.153100
2042	2.006800
2043	1.921300
2044	1.926700
2045	1.723000
2046	2.159800
2047	2.011000
2048	1.985700
2049	1.993400
2050	1.811300
2051	1.997400
2052	1.965300
2053	2.126600
2054	2.101000
2055	2.210000
2056	1.843500
2057	2.066900
2058	1.910000
2059	1.990700
2060	2.070300
2061	1.958600
2062	1.937100
2063	2.048400
2064	2.141800
2065	2.095300
2066	2.014200
2067	1.939600
2068	1.955000
2069	2.123700
2070	1.932400
2071	1.999500
2072	1.950100
2073	2.065400
2074	2.001400
2075	1.852500
2076	2.012500
2077	2.070800
2078	1.964900
2079	1.855500
2080	1.849200
2081	2.052400
2082	2.032300
2083	2.129300
2084	1.995400
2085	2.104500
2086	1.986900
2087	2.177100
2088	1.904800
2089	1.875900
2090	1.988900
2091	1.806600
2092	2.171000
2093	2.067700
2094	1.967400
2095	2.076200
2096	1.990700
2097	2.073200
2098	2.046500
2099	2.017900
2100	1.972400
2101	2.027400
2102	1.939100
2103	2.168300
2104	1.897500
2105	1.926800
2106	2.179900
2107	2.051700
2108	1.798200
2109	1.989600
2110	2.005700
2111	2.151100
2112	1.909400
2113	2.028600
2114	1.971800
2115	2.095300
2116	2.159500
2117	2.079900
2118	1.929700
2119	1.964600
2120	1.972700
2121	1.994400
2122	1.962200
2123	1.973800
2124	2.106600
2125	1.973300
2126	2.117100
2127	1.950600
2128	2.181800
2129	1.997900
2130	1.908600
2131	2.008800
2132	2.063200
2133	2.058500
2134	1.995600
2135	2.088600
2136	1.964800
2137	1.940300
2138	2.079100
2139	2.037500
2140	2.025100
2141	1.983000
2142	2.069400
2143	2.187900
2144	2.006700
2145	1.845500
2146	1.989100
2147	2.016400
2148	1.984700
2149	1.904500
2150	2.133600
2151	2.047600
2152	2.132300
2153	1.995000
2154	1.880900
2155	1.904800
2156	1.819900
2157	1.982300
2158	1.992600
2159	1.985400
2160	2.072500
2161	1.893000
2162	2.037000
2163	2.005800
2164	2.134000
2165	1.990700
2166	2.052100
2167	1.867200
2168	2.092100
2169	2.104600
2170	2.020900
2171	1.897800
2172	1.748800
2173	1.954400
2174	1.990500
2175	2.017700
2176	1.978300
2177	2.163900
2178	2.041300
2179	2.015400
2180	2.002700
2181	2.078000
2182	1.886900
2183	2.017000
2184	1.932800
2185	2.032300
2186	1.777400
2187	1.981100
2188	2.097600
2189	2.044900
2190	1.894500
2191	1.997200
2192	2.017900
2193	2.119400
2194	2.034700
2195	2.048900
2196	1.952500
2197	1.918300
2198	2.052100
2199	1.781200
2200	1.927900
2201	2.034200
2202	2.021400
2203	1.997000
2204	1.910500
2205	2.197600
2206	1.922100
2207	1.825200
2208	1.999400
2209	1.782300
2210	1.997300
2211	1.886500
2212	2.077500
2213	2.165500
2214	1.978600
2215	1.944800
2216	1.977400
2217	1.965200
2218	1.952200
2219	1.891800
2220	2.035200
2221	2.075200
2222	1.925800
2223	2.014400
2224	2.027700
2225	2.100400
2226	1.891200
2227	2.008900
2228	1.909700
2229	1.922000
2230	2.039900
2231	2.071100
2232	2.053300
2233	1.957800
2234	2.053500
2235	2.085900
2236	1.942100
2237	1.875800
2238	1.998600
2239	1.911700
2240	1.909900
2241	1.997400
2242	1.990900
2243	2.024000
2244	1.926700
2245	2.094700
2246	1.902300
2247	1.847000
2248	2.026700
2249	2.055500
2250	1.940500
2251	1.906400
2252	1.988500
2253	2.047300
2254	1.976600
2255	1.775700
2256	2.079000
2257	1.869900
2258	2.120700
2259	1.983500
2260	1.928500
2261	1.946900
2262	2.131000
2263	2.075400
2264	1.943000
2265	2.079900
2266	1.922300
2267	1.956900
2268	2.041200
2269	2.032200
2270	1.996800
2271	1.928100
2272	2.093800
2273	1.979600
2274	1.984200
2275	1.839600
2276	2.061900
2277	2.022000
2278	2.057200
2279	2.059500
2280	1.919100
2281	2.218100
2282	2.006600
2283	1.999900
2284	2.034400
2285	2.051700
2286	2.107100
2287	2.045400
2288	1.967300
2289	2.045600
2290	2.030500
2291	2.057200
2292	2.239400
2293	1.858300
2294	1.983600
2295	2.069100
2296	1.968200
2297	2.002800
2298	2.061100
2299	2.086000
2300	1.953600
2301	1.995000
2302	1.955600
2303	1.904300
2304	2.039500
2305	2.011600
2306	2.101500
2307	1.879500
2308	2.093100
2309	1.914000
2310	2.124200
2311	1.933900
2312	1.847100
2313	1.910200
2314	2.059800
2315	2.145800
2316	1.980600
2317	2.043100
2318	2.032900
2319	2.020400
2320	1.912800
2321	2.053200
2322	1.873300
2323	2.106000
2324	2.013900
2325	1.879800
2326	2.062900
2327	1.806700
2328	2.029200
2329	1.884200
2330	1.955300
2331	2.052800
2332	1.992600
2333	1.991300
2334	2.044300
2335	1.956600
2336	2.089900
2337	1.842300
2338	1.854500
2339	2.086400
2340	2.104400
2341	1.926100
2342	2.080000
2343	1.917300
2344	1.846100
2345	1.891900
2346	2.184300
2347	1.907900
2348	1.865800
2349	2.132400
2350	1.880800
2351	2.013700
2352	2.127500
2353	1.938200
2354	2.140900
2355	2.138300
2356	2.159700
2357	2.034500
2358	1.899600
2359	1.932600
2360	1.954800
2361	2.110500
2362	1.922500
2363	1.936900
2364	1.876700
2365	1.901700
2366	1.990700
2367	1.823700
2368	1.800000
2369	2.053700
2370	1.952600
2371	1.840200
2372	1.802100
2373	2.152400
2374	1.972600
2375	1.948900
2376	2.134500
2377	2.001700
2378	2.141100
2379	1.948700
2380	1.912900
2381	1.995700
2382	1.939200
2383	1.870000
2384	2.118700
2385	2.044000
2386	2.113700
2387	1.996400
2388	2.053200
2389	2.043400
2390	1.866600
2391	1.914600
2392	2.007900
2393	2.044500
2394	1.929700
2395	1.875100
2396	2.026100
2397	1.915300
2398	1.963000
2399	1.868100
2400	1.860600
2401	2.050900
2402	2.024000
2403	2.048600
2404	2.238200
2405	1.932300
2406	2.012000
2407	2.108200
2408	2.001300
2409	1.997300
2410	1.953400
2411	2.032800
2412	1.948100
2413	2.013600
2414	2.012900
2415	2.009200
2416	1.983200
2417	1.934000
2418	1.968100
2419	2.107000
2420	2.042300
2421	2.123400
2422	1.935800
2423	1.862700
2424	2.173500
2425	2.125500
2426	1.966100
2427	1.809200
2428	1.852300
2429	1.997600
2430	1.980400
2431	1.870200
2432	1.900700
2433	2.128100
2434	2.008100
2435	2.114500
2436	1.982300
2437	1.996900
2438	2.079900
2439	1.862100
2440	1.948100
2441	2.095200
2442	2.158100
2443	2.001900
2444	1.999800
2445	1.988000
2446	1.920300
2447	1.870400
2448	1.729400
2449	1.892200
2450	2.040800
2451	1.876000
2452	1.896300
2453	2.153400
2454	2.004300
2455	1.958700
2456	1.964900
2457	2.038100
2458	2.008900
2459	1.971200
2460	2.035800
2461	2.042300
2462	1.989100
2463	1.917500
2464	2.093900
2465	1.955400
2466	2.084200
2467	1.983600
2468	1.946900
2469	2.121000
2470	2.062100
2471	1.883500
2472	1.914900
2473	2.059500
2474	1.836100
2475	1.870300
2476	2.171400
2477	1.941600
2478	1.948500
2479	1.981300
2480	1.963200
2481	2.002300
2482	1.856800
2483	1.845100
2484	1.899100
2485	2.034200
2486	1.853300
2487	2.067900
2488	1.875600
2489	2.116600
2490	1.878600
2491	2.001200
2492	2.061100
2493	1.994100
2494	2.089200
2495	1.959600
2496	1.977000
2497	2.019500
2498	1.953500
2499	1.926500
2500	1.821800
2501	1.860200
2502	2.082000
2503	1.887700
2504	2.074700
2505	2.152200
2506	2.074500
2507	1.906300
2508	1.917700
2509	2.124500
2510	2.063900
2511	1.963700
2512	2.030300
2513	2.063700
2514	2.001300
2515	1.870100
2516	2.003700
2517	1.986600
2518	2.137200
2519	1.893700
2520	1.900500
2521	2.054600
2522	1.865400
2523	2.163100
2524	2.049700
2525	1.949000
2526	2.023000
2527	1.965000
2528	2.084200
2529	1.968000
2530	1.965600
2531	2.023700
2532	1.803100
2533	1.852000
2534	1.941900
2535	1.962400
2536	1.910300
2537	1.980700
2538	2.108400
2539	2.098000
2540	2.040700
2541	2.006600
2542	2.101100
2543	2.057200
2544	1.869600
2545	1.837100
2546	1.994100
2547	2.033500
2548	1.997500
2549	1.896200
2550	2.012600
2551	2.030600
2552	1.880400
2553	1.934500
2554	2.082500
2555	1.981400
2556	1.970400
2557	2.029300
2558	1.923300
2559	1.976900
2560	1.996800
2561	1.987300
2562	2.051900
2563	2.011600
2564	1.946500
2565	1.859000
2566	1.971700
2567	2.106600
2568	1.973600
2569	2.270400
2570	1.986600
2571	2.043400
2572	1.901100
2573	1.944400
2574	2.153300
2575	1.942200
2576	2.078400
2577	2.106100
2578	1.925900
2579	2.025200
2580	1.860100
2581	1.958200
2582	1.945300
2583	2.114400
2584	1.972300
2585	1.984600
2586	1.979900
2587	1.897700
2588	2.122600
2589	1.993200
2590	2.011700
2591	1.915400
2592	1.949600
2593	2.200600
2594	1.925400
2595	2.019700
2596	2.075200
2597	2.031300
2598	1.998500
2599	2.066400
2600	1.885500
2601	1.986000
2602	1.777800
2603	1.904800
2604	2.197100
2605	1.946800
2606	1.868500
2607	1.996200
2608	2.064400
2609	1.844900
2610	2.011500
2611	1.850500
2612	2.099000
2613	2.006000
2614	2.053900
2615	1.948100
2616	1.810600
2617	2.116000
2618	2.003700
2619	2.088700
2620	1.936000
2621	2.057400
2622	1.942000
2623	1.999400
2624	1.801800
2625	2.023100
2626	2.113000
2627	2.000700
2628	1.691500
2629	1.913300
2630	2.029000
2631	2.055900
2632	1.930600
2633	1.833500
2634	2.021600
2635	1.973000
2636	1.883300
2637	1.965600
2638	2.047300
2639	2.052500
2640	2.108100
2641	2.085800
2642	1.913900
2643	2.061400
2644	2.222600
2645	2.105400
2646	1.974700
2647	2.068700
2648	1.822500
2649	1.883700
2650	2.139800
2651	2.091200
2652	1.978400
2653	1.916100
2654	1.895300
2655	2.116100
2656	2.069700
2657	2.021700
2658	2.046400
2659	1.736000
2660	1.950500
2661	1.996400
2662	2.017000
2663	1.984600
2664	1.848400
2665	1.940300
2666	2.121100
2667	1.950600
2668	1.936800
2669	2.247800
2670	2.065000
2671	1.985800
2672	2.080300
2673	1.952900
2674	1.972400
2675	2.146200
2676	2.057800
2677	2.163200
2678	2.009100
2679	2.009700
2680	2.076100
2681	2.005300
2682	1.981100
2683	2.133100
2684	2.053400
2685	1.901000
2686	1.936500
2687	1.980600
2688	2.142900
2689	1.960900
2690	1.993400
2691	2.053800
2692	2.043200
2693	2.034000
2694	1.868800
2695	2.043500
2696	1.967500
2697	2.053600
2698	2.288300
2699	2.109800
2700	1.841000
2701	1.984800
2702	1.815300
2703	1.893900
2704	2.080600
2705	2.203100
2706	1.972400
2707	2.046400
2708	1.916900
2709	2.031500
2710	2.070400
2711	2.116700
2712	2.014000
2713	1.920500
2714	1.998700
2715	1.870400
2716	2.028700
2717	1.979100
2718	2.008100
2719	2.147600
2720	2.140100
2721	2.001800
2722	2.084000
2723	2.273200
2724	1.951300
2725	1.877100
2726	2.055800
2727	1.960900
2728	2.035700
2729	1.948700
2730	2.090400
2731	1.987200
2732	2.018700
2733	1.843400
2734	2.007900
2735	2.031600
2736	2.093400
2737	1.870000
2738	1.963700
2739	2.038500
2740	1.952000
2741	1.948600
2742	2.171500
2743	1.968500
2744	2.007600
2745	1.821000
2746	1.919700
2747	2.103600
2748	2.071900
2749	1.956400
2750	1.998700
2751	1.930300
2752	1.982200
2753	2.108900
2754	2.128100
2755	2.120700
2756	1.958400
2757	1.984000
2758	2.152000
2759	1.971300
2760	1.933500
2761	1.995100
2762	2.083900
2763	2.136500
2764	2.038100
2765	1.935300
2766	1.836300
2767	2.139900
2768	1.920100
2769	1.967000
2770	2.059100
2771	1.917900
2772	1.930200
2773	2.032400
2774	1.961800
2775	2.061200
2776	2.045700
2777	1.954700
2778	2.145500
2779	2.121000
2780	1.942800
2781	1.729500
2782	2.035100
2783	2.012100
2784	2.050400
2785	1.881700
2786	1.896300
2787	2.120800
2788	2.008100
2789	1.889500
2790	1.960700
2791	1.977300
2792	1.943900
2793	2.042800
2794	1.952800
2795	2.091700
2796	1.950200
2797	1.944300
2798	1.944500
2799	1.924000
2800	2.045500
2801	1.965900
2802	1.924200
2803	2.052400
2804	2.007700
2805	1.847200
2806	1.752300
2807	1.912700
2808	2.055000
2809	2.098200
2810	2.000700
2811	2.134600
2812	1.939700
2813	1.833600
2814	2.040200
2815	1.750200
2816	1.784700
2817	1.986000
2818	1.903900
2819	2.027800
2820	1.989000
2821	1.913900
2822	2.125100
2823	1.969000
2824	2.051500
2825	2.151800
2826	1.987800
2827	2.016800
2828	1.990900
2829	1.950400
2830	1.998000
2831	1.872600
2832	1.885300
2833	1.763100
2834	2.007100
2835	2.125700
2836	1.992100
2837	2.080300
2838	1.986600
2839	1.923200
2840	1.976400
2841	2.105100
2842	1.992100
2843	2.065900
2844	2.120800
2845	1.870500
2846	1.972500
2847	2.148500
2848	1.898400
2849	1.989500
2850	2.060600
2851	2.079500
2852	2.051100
2853	2.044500
2854	2.128700
2855	1.893000
2856	2.010800
2857	1.812900
2858	2.120400
2859	2.127400
2860	1.834400
2861	2.014000
2862	2.008700
2863	2.072600
2864	2.003400
2865	1.949600
2866	2.099100
2867	1.973300
2868	1.932200
2869	1.869600
2870	1.984900
2871	2.085300
2872	2.117100
2873	1.913500
2874	1.960400
2875	2.172000
2876	1.970300
2877	1.950700
2878	2.010300
2879	1.999000
2880	1.966300
2881	1.977400
2882	1.972300
2883	1.983300
2884	2.055000
2885	2.045000
2886	1.937500
2887	2.112600
2888	1.951500
2889	1.957100
2890	1.989200
2891	1.968600
2892	1.938900
2893	2.194900
2894	1.979900
2895	1.987600
2896	1.928500
2897	2.076800
2898	1.958600
2899	1.734100
2900	1.801700
2901	1.887000
2902	2.036000
2903	2.036100
2904	1.776900
2905	1.881100
2906	1.928300
2907	2.063000
2908	2.004100
2909	1.828700
2910	2.034100
2911	2.058600
2912	1.931600
2913	1.915100
2914	1.935900
2915	1.970500
2916	2.093700
2917	1.836600
2918	2.181500
2919	1.998300
2920	2.041000
2921	1.899900
2922	1.878300
2923	1.954200
2924	1.934000
2925	2.007600
2926	1.932400
2927	1.878600
2928	2.129000
2929	2.104300
2930	2.142000
2931	1.967800
2932	2.004900
2933	1.996500
2934	1.935400
2935	2.013000
2936	1.833100
2937	2.112300
2938	1.929100
2939	2.016900
2940	2.091100
2941	2.094100
2942	1.969100
2943	1.962400
2944	1.972700
2945	1.885500
2946	2.059800
2947	2.174400
2948	1.903400
2949	1.975700
2950	2.173600
2951	1.870000
2952	2.030200
2953	2.097400
2954	1.972200
2955	1.960800
2956	1.992300
2957	2.058600
2958	1.707600
2959	1.871700
2960	1.817600
2961	1.985600
2962	1.976900
2963	2.016900
2964	1.976700
2965	1.860900
2966	2.000500
2967	1.962300
2968	2.021800
2969	1.970200
2970	1.985200
2971	1.874800
2972	1.926700
2973	1.986500
2974	1.971000
2975	1.948700
2976	2.125400
2977	2.004900
2978	1.827700
2979	2.052300
2980	1.967300
2981	2.092300
2982	2.125300
2983	2.053700
2984	1.943900
2985	2.079300
2986	2.046000
2987	2.045700
2988	1.892200
2989	1.815700
2990	2.173400
2991	1.844700
2992	2.007200
2993	2.105500
2994	1.850100
2995	2.042600
2996	2.007300
2997	1.805000
2998	1.822100
2999	2.021000
3000	1.969600
3001	2.157000
3002	2.072900
3003	2.072400
3004	1.987600
3005	1.969100
3006	2.083900
3007	2.004200
3008	2.068000
3009	2.047000
3010	1.909200
3011	2.004000
3012	1.911300
3013	1.967900
3014	1.949700
3015	2.079700
3016	2.092600
3017	2.071100
3018	2.142500
3019	2.192400
3020	2.133600
3021	1.930000
3022	2.037800
3023	2.046400
3024	1.972500
3025	2.130100
3026	1.886900
3027	2.090600
3028	1.952400
3029	1.927200
3030	1.971800
3031	1.903600
3032	1.991900
3033	1.886800
3034	1.756200
3035	2.085800
3036	1.889200
3037	1.879900
3038	2.098300
3039	1.968800
3040	1.971200
3041	1.842500
3042	2.116200
3043	1.996200
3044	1.935600
3045	1.999000
3046	2.102600
3047	2.062500
3048	1.903800
3049	2.076800
3050	1.881200
3051	1.846500
3052	2.072500
3053	1.915000
3054	2.143900
3055	2.012300
3056	1.987900
3057	1.931500
3058	2.058600
3059	1.934600
3060	2.105700
3061	2.044600
3062	1.966200
3063	2.165600
3064	2.113000
3065	1.744400
3066	2.102200
3067	1.934000
3068	1.848800
3069	2.014300
3070	1.875100
3071	2.148600
3072	2.108800
3073	2.179700
3074	2.010100
3075	2.006300
3076	1.923900
3077	2.037300
3078	1.953500
3079	2.053700
3080	2.077700
3081	2.036300
3082	1.964300
3083	2.001200
3084	2.050000
3085	2.022800
3086	2.105700
3087	2.096600
3088	1.905500
3089	2.019000
3090	1.887200
3091	1.941300
3092	2.046200
3093	1.919800
3094	1.986300
3095	2.067200
3096	1.855900
3097	2.005100
3098	1.937100
3099	2.003300
3100	2.158800
3101	1.910400
3102	1.923600
3103	1.893900
3104	2.101400
3105	1.988200
3106	2.079500
3107	2.046600
3108	1.913400
3109	1.940500
3110	1.959800
3111	2.003000
3112	1.965400
3113	2.074500
3114	1.921600
3115	2.047500
3116	1.919400
3117	2.040100
3118	2.054500
3119	2.025300
3120	2.004000
3121	2.147700
3122	2.037500
3123	1.839600
3124	2.002900
3125	2.004300
3126	1.952600
3127	1.891100
3128	2.139600
3129	2.150800
3130	2.114000
3131	1.958100
3132	1.885100
3133	2.121100
3134	2.116600
3135	1.880800
3136	2.012100
3137	2.037600
3138	1.914100
3139	1.979000
3140	1.940900
3141	1.969200
3142	1.798900
3143	1.985900
3144	2.123300
3145	2.078400
3146	1.989700
3147	2.012800
3148	2.060400
3149	1.641700
3150	1.872900
3151	2.093500
3152	2.040600
3153	1.896600
3154	2.151100
3155	1.850900
3156	2.038000
3157	1.885500
3158	2.010000
3159	1.757100
3160	1.975100
3161	1.939900
3162	2.053800
3163	1.921900
3164	1.982200
3165	1.930100
3166	2.096000
3167	2.046400
3168	2.084700
3169	1.860800
3170	1.983700
3171	2.036900
3172	2.044600
3173	2.047900
3174	2.053800
3175	2.007200
3176	1.926700
3177	2.047900
3178	2.059100
3179	2.055900
3180	1.904700
3181	2.065800
3182	1.960100
3183	2.017000
3184	2.015300
3185	1.890000
3186	2.090500
3187	1.935700
3188	1.912100
3189	2.060300
3190	2.032200
3191	2.120100
3192	1.961000
3193	1.958000
3194	1.867100
3195	1.893700
3196	2.135200
3197	2.077900
3198	2.018800
3199	1.890800
3200	1.934800
3201	2.022800
3202	1.959600
3203	2.015500
3204	1.862900
3205	2.080500
3206	2.061400
3207	2.076000
3208	2.004400
3209	2.100100
3210	1.977800
3211	2.070600
3212	1.988500
3213	2.023600
3214	2.169000
3215	1.842000
3216	2.071700
3217	2.123100
3218	1.943700
3219	1.965400
3220	2.041600
3221	1.875000
3222	1.948800
3223	1.871100
3224	1.913100
3225	1.875900
3226	2.136200
3227	1.978300
3228	2.053000
3229	2.004700
3230	2.003000
3231	1.864700
3232	1.924400
3233	1.937800
3234	1.845800
3235	1.943600
3236	1.935400
3237	2.124100
3238	2.046700
3239	2.109100
3240	1.784900
3241	2.002000
3242	2.039200
3243	1.915200
3244	2.122500
3245	2.013300
3246	2.070800
3247	1.947100
3248	1.997300
3249	1.938200
3250	2.048600
3251	1.903100
3252	2.093800
3253	2.096700
3254	1.975800
3255	1.930800
3256	1.972200
3257	2.050300
3258	1.980500
3259	1.967500
3260	2.090100
3261	1.940200
3262	1.931400
3263	2.075900
3264	2.046000
3265	2.030700
3266	1.975000
3267	1.955200
3268	2.121400
3269	2.014100
3270	2.046800
3271	1.972200
3272	1.848700
3273	2.011100
3274	2.002000
3275	1.908900
3276	1.792000
3277	1.931100
3278	2.028600
3279	1.900500
3280	1.870700
3281	1.972900
3282	2.221400
3283	1.974300
3284	1.896300
3285	2.116200
3286	2.098600
3287	1.731500
3288	1.867900
3289	1.979000
3290	2.038700
3291	1.960300
3292	1.870400
3293	2.202200
3294	2.012000
3295	2.098300
3296	1.861500
3297	1.843600
3298	1.974300
3299	1.892400
3300	2.046800
3301	1.924400
3302	1.971600
3303	2.113900
3304	2.020100
3305	1.992900
3306	1.815800
3307	1.919800
3308	1.870800
3309	1.904800
3310	1.891300
3311	2.162600
3312	1.915600
3313	1.988900
3314	1.908500
3315	1.909500
3316	2.003100
3317	1.917200
3318	1.964700
3319	2.030500
3320	2.178900
3321	2.067100
3322	2.038200
3323	2.083500
3324	2.036000
3325	2.006400
3326	1.960300
3327	2.055900
3328	2.020500
3329	1.961900
3330	2.061300
3331	2.081300
3332	2.040600
3333	1.943500
3334	1.991800
3335	1.817700
3336	2.009100
3337	2.254100
3338	1.985000
3339	1.908300
3340	2.248100
3341	2.052300
3342	1.997000
3343	2.119200
3344	1.916300
3345	2.210100
3346	1.929700
3347	2.085500
3348	1.968600
3349	2.120900
3350	1.831500
3351	1.844300
3352	2.042100
3353	2.052100
3354	1.902500
3355	1.849100
3356	2.009500
3357	2.071500
3358	1.945800
3359	1.960000
3360	1.894900
3361	2.012700
3362	1.863000
3363	1.845100
3364	1.859400
3365	2.042600
3366	1.907900
3367	1.977300
3368	1.933400
3369	2.051100
3370	2.101300
3371	1.899300
3372	2.075000
3373	1.992100
3374	1.944500
3375	1.905200
3376	1.961200
3377	2.094200
3378	1.892700
3379	1.911300
3380	1.940000
3381	2.128700
3382	1.944600
3383	1.915900
3384	2.103400
3385	1.935600
3386	2.020300
3387	1.998100
3388	1.830200
3389	2.094300
3390	1.930100
3391	2.022700
3392	1.850500
3393	2.136200
3394	1.905400
3395	1.919200
3396	1.889600
3397	2.025600
3398	1.984600
3399	1.871600
3400	2.123300
3401	1.984000
3402	2.109200
3403	1.996400
3404	1.975000
3405	2.075500
3406	2.092500
3407	1.945600
3408	2.034800
3409	2.141800
3410	2.150800
3411	2.069500
3412	1.932400
3413	2.078100
3414	1.987600
3415	1.911400
3416	2.059700
3417	2.046200
3418	1.846600
3419	1.996500
3420	2.050300
3421	2.008000
3422	2.067600
3423	2.015400
3424	1.876300
3425	2.081200
3426	1.971300
3427	1.978500
3428	1.923200
3429	1.856300
3430	2.134100
3431	2.004600
3432	2.017600
3433	1.859100
3434	2.031700
3435	1.958900
3436	1.910600
3437	1.985500
3438	2.103200
3439	1.948400
3440	2.119400
3441	1.923600
3442	2.075700
3443	1.855600
3444	1.945200
3445	2.085700
3446	1.872900
3447	1.949500
3448	1.896000
3449	2.010700
3450	1.962700
3451	2.140200
3452	2.100900
3453	1.874600
3454	1.956600
3455	2.012800
3456	2.013000
3457	2.054400
3458	2.011800
3459	1.837400
3460	1.933500
3461	1.931100
3462	2.148100
3463	1.956800
3464	2.061500
3465	2.024700
3466	1.771000
3467	1.862000
3468	2.040500
3469	1.987600
3470	1.986700
3471	1.902400
3472	1.976500
3473	2.046200
3474	2.138700
3475	1.997600
3476	2.030700
3477	1.770900
3478	1.959700
3479	2.067200
3480	2.141700
3481	2.100300
3482	1.981500
3483	2.019000
3484	2.084500
3485	2.058800
3486	1.887500
3487	2.249400
3488	1.846800
3489	1.984500
3490	1.989300
3491	1.821100
3492	1.870100
3493	1.969300
3494	1.846700
3495	1.964200
3496	1.950900
3497	2.103000
3498	1.988000
3499	1.886400
3500	1.851700
3501	1.953800
3502	1.893700
3503	2.066400
3504	1.865100
3505	1.963500
3506	2.074900
3507	2.035800
3508	1.910700
3509	2.036900
3510	2.101900
3511	2.018900
3512	1.926300
3513	1.917800
3514	1.836700
3515	1.959200
3516	1.992800
3517	2.131800
3518	1.977700
3519	1.976300
3520	1.925400
3521	1.934200
3522	2.074800
3523	2.084600
3524	1.902900
3525	1.895300
3526	1.973900
3527	1.978600
3528	2.069700
3529	1.968400
3530	2.029900
3531	1.929700
3532	2.061300
3533	2.051500
3534	1.943500
3535	2.023400
3536	1.841600
3537	2.058000
3538	2.006600
3539	1.843100
3540	1.926300
3541	1.925500
3542	1.913700
3543	1.954200
3544	1.955600
3545	1.946300
3546	2.015700
3547	2.004000
3548	2.007100
3549	2.004700
3550	1.964900
3551	1.853200
3552	1.748600
3553	2.067900
3554	2.049000
3555	2.045600
3556	1.944100
3557	1.868800
3558	1.868600
3559	2.058000
3560	1.975500
3561	1.986600
3562	1.968000
3563	2.010100
3564	1.997000
3565	2.042300
3566	1.879800
3567	2.031800
3568	2.111800
3569	2.026500
3570	2.003900
3571	1.976600
3572	1.912400
3573	1.764400
3574	1.924500
3575	2.127700
3576	1.882500
3577	1.937700
3578	2.038600
3579	1.953400
3580	2.004800
3581	1.991300
3582	2.019700
3583	1.938000
3584	1.885800
3585	1.951600
3586	2.071700
3587	1.906100
3588	1.898600
3589	2.037900
3590	2.006700
3591	1.790900
3592	2.016400
3593	1.906800
3594	1.890100
3595	1.973600
3596	2.144600
3597	1.833200
3598	1.967400
3599	1.956900
3600	1.965200
3601	1.867100
3602	2.016200
3603	1.985300
3604	1.904300
3605	2.073400
3606	1.930600
3607	2.062000
3608	1.917600
3609	1.944200
3610	1.998300
3611	2.017000
3612	1.876900
3613	2.068000
3614	1.995300
3615	2.052700
3616	2.083400
3617	1.858000
3618	1.912900
3619	1.886900
3620	1.888500
3621	1.997800
3622	2.000600
3623	1.978000
3624	2.029300
3625	2.051600
3626	1.983900
3627	1.921800
3628	2.045500
3629	1.859400
3630	2.008700
3631	2.025900
3632	1.997700
3633	2.055200
3634	2.100200
3635	2.002300
3636	1.875000
3637	1.935400
3638	2.014800
3639	2.065200
3640	2.019400
3641	2.086800
3642	1.858700
3643	1.924000
3644	2.089700
3645	1.987100
3646	1.994300
3647	1.932700
3648	2.083900
3649	2.083800
3650	2.097100
3651	2.029800
3652	1.996500
3653	2.072300
3654	1.961900
3655	1.973200
3656	1.985900
3657	1.775700
3658	1.770200
3659	1.965000
3660	1.907200
3661	2.062200
3662	2.167500
3663	1.882300
3664	2.000900
3665	1.925300
3666	2.126000
3667	1.872400
3668	1.925700
3669	2.072700
3670	1.818700
3671	2.086100
3672	1.834700
3673	1.952300
3674	2.086900
3675	2.039500
3676	1.914100
3677	1.811200
3678	2.174600
3679	1.994400
3680	1.878500
3681	2.067200
3682	2.024300
3683	1.832500
3684	2.026600
3685	1.867300
3686	2.083800
3687	1.950900
3688	1.974300
3689	2.138600
3690	1.824200
3691	1.962900
3692	2.015700
3693	2.033500
3694	1.999700
3695	1.949100
3696	1.934100
3697	1.970100
3698	1.986000
3699	1.948900
3700	2.039500
3701	2.086600
3702	1.980100
3703	2.081500
3704	1.989300
3705	2.069600
3706	1.933800
3707	2.006800
3708	1.832700
3709	1.940400
3710	1.912300
3711	1.941000
3712	1.985400
3713	1.854100
3714	1.886100
3715	2.089400
3716	1.943900
3717	1.715900
3718	2.064600
3719	1.937300
3720	2.099600
3721	1.947400
3722	1.986100
3723	2.059900
3724	1.919100
3725	1.885000
3726	2.014800
3727	2.029500
3728	2.090900
3729	1.986200
3730	1.909800
3731	2.036500
3732	1.968200
3733	1.897700
3734	1.959400
3735	2.008800
3736	1.920600
3737	1.878400
3738	1.995600
3739	1.815100
3740	2.112900
3741	1.819800
3742	1.946500
3743	1.915800
3744	2.023800
3745	1.978100
3746	2.066200
3747	2.010600
3748	2.010000
3749	2.080500
3750	1.932900
3751	1.831600
3752	2.027200
3753	1.924600
3754	1.865900
3755	2.052100
3756	1.974600
3757	1.976700
3758	1.988900
3759	2.030800
3760	1.915800
3761	1.905900
3762	1.995100
3763	1.861800
3764	1.834100
3765	2.046000
3766	2.008900
3767	1.861100
3768	1.985400
3769	1.922000
3770	2.061500
3771	1.944200
3772	2.013600
3773	2.018400
3774	2.018900
3775	1.933500
3776	1.901300
3777	1.844000
3778	2.030300
3779	1.865400
3780	1.998400
3781	2.044800
3782	1.998100
3783	2.100100
3784	2.013400
3785	1.822800
3786	2.003600
3787	2.061500
3788	2.040900
3789	2.044900
3790	1.924800
3791	2.014500
3792	2.139900
3793	2.003600
3794	1.854000
3795	1.825000
3796	1.974400
3797	1.951100
3798	1.756900
3799	2.081900
3800	2.000300
3801	2.011800
3802	2.059600
3803	1.947500
3804	1.933000
3805	1.969500
3806	2.043600
3807	1.934700
3808	1.997100
3809	1.926500
3810	1.967900
3811	1.835400
3812	1.972100
3813	2.075100
3814	1.880800
3815	2.030200
3816	1.892900
3817	1.945500
3818	2.081300
3819	1.946800
3820	2.212900
3821	1.884300
3822	1.942800
3823	2.075100
3824	2.090600
3825	1.974900
3826	1.991900
3827	1.795400
3828	2.075100
3829	1.954800
3830	1.845200
3831	2.040000
3832	2.026000
3833	2.067600
3834	2.009000
3835	1.926400
3836	1.953200
3837	1.924900
3838	1.927900
3839	1.893400
3840	1.856400
3841	1.857300
3842	1.875800
3843	1.998600
3844	2.081300
3845	1.910700
3846	2.113800
3847	1.861700
3848	1.927900
3849	1.960000
3850	2.043200
3851	2.086400
3852	2.114000
3853	1.978700
3854	1.823100
3855	2.015900
3856	2.094400
3857	1.900700
3858	1.839900
3859	1.908000
3860	2.023900
3861	1.883300
3862	1.812400
3863	1.830000
3864	2.015600
3865	2.070100
3866	1.919200
3867	1.925100
3868	1.728300
3869	2.084500
3870	2.036500
3871	2.048100
3872	1.954100
3873	2.002300
3874	1.842700
3875	1.943500
3876	1.856300
3877	1.882600
3878	1.899700
3879	1.903200
3880	1.970500
3881	2.047400
3882	1.869300
3883	1.955800
3884	2.028100
3885	1.991900
3886	2.022300
3887	1.866400
3888	1.893600
3889	1.763200
3890	1.955000
3891	1.986400
3892	1.997800
3893	1.983300
3894	1.987400
3895	1.864800
3896	1.956200
3897	1.937100
3898	1.957400
3899	2.017600
3900	2.170900
3901	1.939100
3902	1.913400
3903	2.137900
3904	2.024100
3905	1.894100
3906	1.854200
3907	2.102100
3908	2.098700
3909	1.991600
3910	1.894000
3911	2.094700
3912	1.923900
3913	1.920800
3914	1.850600
3915	1.948900
3916	1.951700
3917	1.935800
3918	2.111000
3919	2.102000
3920	1.998800
3921	2.013200
3922	1.901600
3923	2.020000
3924	2.062800
3925	2.101600
3926	1.942200
3927	2.056800
3928	1.913200
3929	2.071300
3930	1.915500
3931	2.005000
3932	1.969800
3933	1.912000
3934	1.997900
3935	1.972300
3936	1.992500
3937	1.982000
3938	2.065100
3939	1.919600
3940	1.952200
3941	1.934700
3942	1.778900
3943	1.908100
3944	1.999800
3945	1.876000
3946	1.905800
3947	1.965900
3948	1.970700
3949	2.024200
3950	1.931700
3951	2.000000
3952	1.967300
3953	1.856700
3954	1.989200
3955	1.944000
3956	2.029200
3957	1.955900
3958	2.034900
3959	1.828500
3960	1.925300
3961	2.080500
3962	2.064700
3963	1.825000
3964	1.876300
3965	1.826900
3966	2.006000
3967	1.885500
3968	2.046000
3969	2.121500
3970	1.843500
3971	1.971000
3972	1.843900
3973	1.948400
3974	2.042600
3975	1.838100
3976	1.934300
3977	2.083800
3978	2.022700
3979	2.074100
3980	1.993100
3981	1.997600
3982	1.924500
3983	1.791900
3984	1.750800
3985	1.954500
3986	2.057700
3987	1.912900
3988	2.081600
3989	2.008200
3990	2.012700
3991	1.976100
3992	1.935900
3993	1.784900
3994	2.097200
3995	1.981300
3996	2.069300
3997	1.928900
3998	2.060200
3999	1.929000
4000	2.182900
4001	1.889800
4002	1.904300
4003	2.039500
4004	2.150600
4005	1.961800
4006	2.160400
4007	1.978900
4008	1.961600
4009	2.037600
4010	1.892800
4011	2.009600
4012	1.833500
4013	1.873700
4014	1.944000
4015	1.995500
4016	1.802100
4017	2.074800
4018	1.978100
4019	1.756400
4020	2.084000
4021	2.056200
4022	1.934400
4023	1.972500
4024	1.880500
4025	1.942300
4026	1.948400
4027	2.072800
4028	1.939500
4029	1.864900
4030	1.831500
4031	1.773100
4032	1.873100
4033	2.007300
4034	2.088300
4035	2.059500
4036	1.959200
4037	1.982500
4038	1.852200
4039	1.899500
4040	1.887200
4041	1.979800
4042	1.783200
4043	1.980400
4044	1.979200
4045	1.894400
4046	2.168300
4047	1.971700
4048	1.969900
4049	2.038600
4050	1.934800
4051	1.987200
4052	1.906200
4053	1.815600
4054	2.052400
4055	2.067700
4056	1.949900
4057	1.947800
4058	2.101200
4059	1.978400
4060	2.034600
4061	1.940000
4062	1.899300
4063	1.869600
4064	1.937900
4065	2.019400
4066	1.967200
4067	2.122500
4068	1.883200
4069	1.935500
4070	2.136300
4071	2.024600
4072	1.927100
4073	1.987500
4074	1.967400
4075	1.950200
4076	2.042800
4077	1.858200
4078	2.184400
4079	1.920100
4080	1.935400
4081	2.087600
4082	1.912200
4083	2.055900
4084	2.025100
4085	2.027500
4086	1.873900
4087	1.839400
4088	1.985100
4089	1.937000
4090	1.820400
4091	2.084700
4092	1.974900
4093	1.951700
4094	1.944800
4095	2.021500
4096	1.954100
4097	1.923900
4098	1.874700
4099	1.974900
4100	2.122900
4101	2.163300
4102	1.802100
4103	1.965100
4104	2.095800
4105	1.943400
4106	2.077300
4107	2.134900
4108	2.020200
4109	2.038100
4110	2.044700
4111	2.017000
4112	2.060100
4113	2.058800
4114	2.072300
4115	1.879500
4116	1.959600
4117	2.003100
4118	1.940300
4119	2.014100
4120	1.956300
4121	2.038300
4122	2.107600
4123	1.927000
4124	1.864400
4125	2.091200
4126	2.117100
4127	1.797200
4128	2.096100
4129	2.028000
4130	2.058100
4131	2.022400
4132	1.948900
4133	2.053100
4134	1.923000
4135	1.789600
4136	2.098500
4137	1.962300
4138	1.893100
4139	1.986300
4140	2.092900
4141	2.042500
4142	1.882500
4143	1.928000
4144	2.036900
4145	2.138900
4146	2.028200
4147	2.084700
4148	1.880300
4149	2.078400
4150	2.038300
4151	2.000700
4152	1.960000
4153	2.028500
4154	1.929900
4155	1.979600
4156	1.765300
4157	2.057900
4158	2.032000
4159	1.981800
4160	2.128500
4161	1.951900
4162	2.001500
4163	1.970800
4164	2.073400
4165	2.103800
4166	1.887300
4167	2.081200
4168	1.945200
4169	1.998900
4170	1.861600
4171	1.879400
4172	1.905400
4173	1.887200
4174	2.073400
4175	1.865900
4176	1.992800
4177	1.989600
4178	2.028000
4179	1.980800
4180	2.104300
4181	1.733200
4182	2.025100
4183	1.898400
4184	2.053400
4185	2.035800
4186	1.880500
4187	2.076000
4188	2.023700
4189	2.026300
4190	1.898400
4191	1.830700
4192	2.041900
4193	2.120200
4194	1.941000
4195	1.979300
4196	1.917400
4197	2.018200
4198	2.068600
4199	1.909100
4200	2.130300
4201	1.992700
4202	1.965300
4203	2.067000
4204	1.952100
4205	1.959900
4206	1.961900
4207	2.025100
4208	2.006200
4209	2.064300
4210	1.882100
4211	2.034100
4212	2.018700
4213	2.116100
4214	1.951200
4215	1.885700
4216	2.010100
4217	1.776500
4218	1.931600
4219	2.070700
4220	2.007700
4221	2.046000
4222	1.912400
4223	2.031100
4224	1.948600
4225	1.815500
4226	1.972400
4227	2.002500
4228	2.047200
4229	1.959000
4230	2.042900
4231	1.958900
4232	1.888000
4233	1.995600
4234	1.850600
4235	1.981000
4236	1.994500
4237	1.955000
4238	2.009000
4239	2.012400
4240	2.133300
4241	2.155900
4242	2.062600
4243	2.152200
4244	2.108000
4245	2.032000
4246	1.975900
4247	2.056700
4248	1.829400
4249	1.998900
4250	2.085800
4251	1.971800
4252	1.960600
4253	1.983800
4254	2.000900
4255	1.928100
4256	2.109800
4257	1.969200
4258	1.910200
4259	1.970900
4260	1.932300
4261	1.925700
4262	1.956700
4263	2.178500
4264	1.878000
4265	2.261500
4266	1.892600
4267	1.977000
4268	1.881700
4269	1.859700
4270	1.961500
4271	1.904000
4272	1.879500
4273	1.971800
4274	1.963600
4275	1.919900
4276	2.028700
4277	2.034200
4278	1.960100
4279	1.917500
4280	2.115700
4281	2.065800
4282	1.935800
4283	2.129500
4284	2.118200
4285	2.130400
4286	2.035900
4287	2.153100
4288	2.037700
4289	1.994900
4290	1.859600
4291	2.050800
4292	2.155700
4293	2.040000
4294	1.948400
4295	1.930400
4296	1.925500
4297	2.049900
4298	1.849300
4299	1.954000
4300	2.039400
4301	1.980100
4302	2.171200
4303	1.986000
4304	1.928100
4305	2.134500
4306	2.001700
4307	2.119700
4308	1.856400
4309	1.982200
4310	2.074700
4311	2.016400
4312	2.037000
4313	2.118200
4314	2.162300
4315	2.042900
4316	1.862600
4317	2.010700
4318	1.989800
4319	2.108000
4320	2.016400
4321	2.041700
4322	2.057300
4323	2.055400
4324	1.878700
4325	2.014600
4326	1.897000
4327	2.066900
4328	2.191000
4329	1.940100
4330	1.959300
4331	2.070000
4332	2.129900
4333	1.957500
4334	2.131400
4335	2.067900
4336	1.937300
4337	2.019500
4338	1.907000
4339	2.001400
4340	1.775600
4341	1.868200
4342	1.819000
4343	1.917000
4344	1.940800
4345	1.946500
4346	1.945200
4347	1.776000
4348	2.088400
4349	1.972300
4350	2.003700
4351	1.919200
4352	1.983100
4353	1.831900
4354	2.004200
4355	1.860500
4356	1.896100
4357	2.008000
4358	1.972800
4359	2.168100
4360	1.917400
4361	1.899400
4362	2.148700
4363	2.063400
4364	1.914300
4365	1.914600
4366	1.955000
4367	2.009900
4368	1.906400
4369	1.848600
4370	2.014800
4371	2.097900
4372	1.951600
4373	2.014300
4374	1.965300
4375	2.103100
4376	2.020500
4377	2.087200
4378	2.004400
4379	1.927500
4380	2.015000
4381	2.057200
4382	1.724200
4383	2.087500
4384	1.903500
4385	2.107800
4386	1.775100
4387	1.977600
4388	2.035300
4389	1.847400
4390	1.967900
4391	1.916300
4392	2.197400
4393	2.112000
4394	1.989100
4395	1.927500
4396	1.859700
4397	1.922400
4398	1.808600
4399	2.134100
4400	1.905000
4401	2.042700
4402	1.997600
4403	1.915300
4404	2.122300
4405	2.056900
4406	1.825100
4407	1.886400
4408	1.966800
4409	2.039700
4410	1.967200
4411	1.996800
4412	2.020800
4413	1.946700
4414	2.043900
4415	1.874200
4416	1.908700
4417	2.120400
4418	1.952300
4419	2.023500
4420	1.953600
4421	2.026800
4422	2.070200
4423	1.927000
4424	1.992600
4425	1.992200
4426	1.984500
4427	1.934600
4428	1.997000
4429	2.021200
4430	1.989900
4431	2.018100
4432	2.003700
4433	2.042200
4434	1.979000
4435	1.987100
4436	1.898700
4437	1.911300
4438	1.809700
4439	2.072700
4440	2.012100
4441	1.904100
4442	1.835200
4443	1.976000
4444	1.879500
4445	2.077800
4446	1.759500
4447	1.909300
4448	1.999900
4449	1.867300
4450	2.040000
4451	2.108400
4452	1.875700
4453	1.861900
4454	2.023600
4455	2.030700
4456	2.005400
4457	2.064300
4458	1.900300
4459	2.038000
4460	1.989100
4461	1.936500
4462	1.969600
4463	1.920500
4464	1.914100
4465	1.842500
4466	1.914100
4467	2.007700
4468	2.087300
4469	1.928500
4470	1.958400
4471	1.930800
4472	2.010900
4473	2.050800
4474	2.099300
4475	1.950900
4476	1.915500
4477	2.038400
4478	1.956100
4479	1.890000
4480	2.174400
4481	2.099700
4482	1.961900
4483	1.957000
4484	1.900400
4485	1.933400
4486	2.084300
4487	1.843800
4488	1.990000
4489	2.017800
4490	2.052600
4491	1.917700
4492	2.081100
4493	2.050800
4494	2.128700
4495	2.062400
4496	2.086200
4497	2.066900
4498	1.855600
4499	2.081200
4500	2.036300
4501	1.902700
4502	1.924800
4503	2.114800
4504	2.066700
4505	2.037800
4506	1.978300
4507	1.984200
4508	1.849600
4509	1.929800
4510	1.853100
4511	2.026400
4512	2.105300
4513	1.875700
4514	2.088700
4515	2.024600
4516	1.961900
4517	1.986800
4518	2.002000
4519	1.881300
4520	2.018100
4521	2.000600
4522	1.898100
4523	1.987400
4524	1.919200
4525	2.188900
4526	1.998200
4527	2.096900
4528	2.086800
4529	1.922400
4530	1.919200
4531	1.988000
4532	2.068800
4533	1.933000
4534	2.054500
4535	1.897300
4536	1.930500
4537	1.905100
4538	2.055800
4539	1.991600
4540	2.040300
4541	1.960900
4542	2.042500
4543	1.993100
4544	1.952600
4545	1.959500
4546	2.050900
4547	2.021700
4548	1.963700
4549	1.964600
4550	1.897700
4551	1.870400
4552	1.904600
4553	1.875100
4554	1.829900
4555	1.737300
4556	1.942800
4557	2.027000
4558	2.080100
4559	1.897100
4560	2.078200
4561	1.866000
4562	1.901100
4563	2.018800
4564	1.955600
4565	1.813000
4566	1.959700
4567	1.909400
4568	1.950600
4569	1.889900
4570	2.157800
4571	1.856300
4572	1.915100
4573	1.870600
4574	2.065900
4575	1.956600
4576	1.802800
4577	1.910600
4578	1.781400
4579	1.998700
4580	2.014000
4581	2.020400
4582	2.035500
4583	1.991100
4584	2.073600
4585	1.999100
4586	1.885800
4587	1.908700
4588	1.788100
4589	1.866400
4590	2.011100
4591	1.950900
4592	1.813400
4593	2.054000
4594	2.120500
4595	1.979900
4596	2.017800
4597	2.088500
4598	1.970900
4599	2.079800
4600	1.976800
4601	1.912200
4602	1.930800
4603	1.901900
4604	2.056500
4605	1.977900
4606	1.861300
4607	2.027000
4608	1.907000
4609	1.927600
4610	1.979200
4611	2.000400
4612	2.048600
4613	1.859300
4614	1.981900
4615	2.007000
4616	1.998900
4617	1.959300
4618	2.020900
4619	1.928500
4620	2.038400
4621	2.048000
4622	1.852400
4623	1.906600
4624	1.988000
4625	2.032500
4626	2.009000
4627	1.879900
4628	1.994000
4629	1.826500
4630	2.137700
4631	1.920600
4632	1.818000
4633	1.923100
4634	1.989700
4635	2.016900
4636	1.922400
4637	1.984700
4638	2.127800
4639	1.952800
4640	1.964800
4641	1.945000
4642	2.009500
4643	1.990500
4644	1.857000
4645	2.013500
4646	1.786300
4647	1.925100
4648	2.015800
4649	1.945400
4650	1.920000
4651	2.026200
4652	1.963400
4653	1.961500
4654	1.899400
4655	2.047800
4656	2.082900
4657	2.092600
4658	1.933700
4659	2.019500
4660	1.906100
4661	1.899400
4662	2.072100
4663	1.995300
4664	2.210500
4665	1.967900
4666	2.018100
4667	2.059900
4668	1.963100
4669	1.907500
4670	1.918800
4671	1.954400
4672	2.143900
4673	1.906500
4674	1.850600
4675	2.051400
4676	1.860300
4677	1.843600
4678	2.003000
4679	1.905900
4680	1.929300
4681	1.892400
4682	1.962000
4683	1.944000
4684	1.906900
4685	2.101300
4686	1.823300
4687	2.121000
4688	1.895500
4689	2.067900
